469 332
250 587
950 90
865 37
596 187
553 769
641 129
712 13
371 512
583 550
594 235
684 835
167 254
235 296
664 509
997 746
705 216
753 562
676 661
974 7
513 296
275 788
809 512
493 300
635 729
312 421
81 297
464 621
353 408
147 453
235 803
905 199
475 28
312 45
659 429
956 105
862 122
236 76
105 669
761 215
185 736
775 317
541 290
377 952
289 972
149 808
691 621
145 210
326 954
81 645
241 497
231 808
956 44
901 127
934 716
545 52
725 115
734 881
699 419
235 820
641 229
218 444
595 129
599 368
311 972
626 47
387 480
172 866
683 997
346 797
188 93
89 500
48 781
206 186
574 768
304 13
781 310
597 270
341 745
733 420
458 488
535 335
94 180
927 226
577 7
432 3
775 573
371 244
583 971
220 571
724 836
910 463
138 987
955 137
966 306
41 834
842 353
972 43
844 490
924 206
257 16
155 644
35 656
501 225
733 944
116 833
679 189
728 142
115 0
799 593
818 624
38 381
563 963
244 852
1 909
679 945
832 499
198 197
708 26
522 797
735 641
770 432
109 541
569 534
844 138
726 363
933 943
624 515
354 42
20 528
19 883
613 999
153 461
638 1
166 870
903 21
591 864
433 315
112 504
88 859
706 948
396 363
643 282
572 783
770 867
904 907
917 774
848 484
825 321
175 405
157 298
6 14
508 59
678 54
109 548
670 649
384 147
468 316
128 734
908 629
959 217
659 296
931 195
430 468
419 59
404 253
853 24
724 298
808 965
533 318
640 555
424 244
171 769
972 683
791 295
246 289
958 432
850 812
728 382
2 859
75 663
378 412
649 805
966 111
759 811
609 767
573 827
891 992
918 556
557 595
102 297
780 719
915 901
832 714
257 34
72 22
678 426
852 278
103 28
431 703
69 736
71 44
168 46
785 145
350 727
502 513
87 783
812 619
896 171
346 679
347 685
389 871
471 246
416 96
841 219
411 896
991 160
410 913
493 320
880 35
798 567
761 832
760 727
825 193
924 30
516 606
232 233
195 827
67 489
64 846
205 884
822 92
856 271
487 883
863 375
619 834
58 471
178 917
379 835
271 301
288 267
266 588
357 771
544 542
373 199
600 875
101 332
204 137
109 106
250 342
764 349
167 595
487 803
583 268
405 16
603 291
986 876
975 357
694 870
246 356
26 403
837 580
646 591
362 873
529 619
663 181
958 735
894 632
288 439
498 984
754 969
671 40
494 935
552 668
927 808
235 66
684 833
971 884
540 776
266 714
249 833
609 861
267 49
781 670
506 656
632 957
406 140
545 854
174 344
504 501
156 195
450 658
594 549
702 768
187 84
658 799
200 909
653 33
53 231
833 850
671 537
148 248
597 387
340 642
48 289
428 973
281 364
896 529
837 107
937 539
183 120
93 868
874 237
886 14
505 652
701 86
526 414
195 708
307 891
764 648
8 48
680 120
89 991
167 316
379 632
129 618
844 493
559 428
700 868
873 519
739 741
805 887
969 603
976 327
924 904
677 100
505 576
336 449
434 584
149 37
336 359
713 896
229 170
428 821
729 14
274 953
104 510
181 690
732 709
433 874
667 493
67 371
111 662
871 252
54 210
644 138
735 805
14 778
840 786
568 802
110 368
844 439
81 163
473 241
411 911
760 275
966 80
395 455
479 164
73 94
843 274
306 205
268 404
900 35
936 840
312 207
702 605
836 982
973 440
190 42
795 597
481 814
111 667
943 205
948 704
900 411
219 460
258 756
252 818
774 232
528 793
415 728
69 529
422 258
359 152
270 943
496 924
530 694
628 627
189 346
19 902
42 934
667 204
776 105
322 795
745 948
109 569
280 753
600 400
501 69
691 216
807 270
413 887
413 808
935 659
696 184
471 360
144 468
959 277
145 434
2 849
297 236
347 851
233 629
74 735
902 718
428 244
428 577
966 210
630 911
949 713
860 349
181 444
377 360
187 773
735 345
473 986
434 396
463 717
182 402
304 217
373 159
840 208
185 934
103 801
162 288
626 487
69 683
567 557
722 103
963 382
152 436
915 769
567 983
627 889
313 251
205 210
726 372
345 15
810 600
133 321
869 670
738 546
400 112
108 272
311 740
595 133
7 485
882 770
340 322
988 276
255 420
958 87
604 99
396 990
772 874
924 669
131 390
297 846
95 310
589 847
11 108
839 69
56 714
188 682
439 824
773 593
565 498
413 914
571 557
86 377
233 290
575 289
695 323
803 798
344 403
840 248
779 122
995 332
263 182
645 28
738 885
76 270
718 871
241 850
417 592
769 44
95 27
682 578
118 954
492 528
542 113
33 15
715 11
858 700
336 861
552 780
34 758
196 973
334 200
667 944
72 152
754 619
417 376
737 627
171 751
519 774
389 182
979 518
366 75
906 610
727 890
273 630
522 647
128 291
425 417
201 10
508 248
597 361
219 263
290 72
508 549
330 45
697 53
482 131
553 261
685 857
217 451
797 759
447 723
318 756
987 374
359 195
490 789
885 875
129 331
702 701
34 840
71 249
806 417
499 425
975 861
440 15
849 187
623 666
853 775
144 892
984 275
184 263
654 298
912 909
647 328
99 743
28 645
139 37
529 32
57 284
454 320
239 774
267 934
452 92
911 662
971 366
661 37
736 346
556 972
17 291
314 410
20 561
548 768
715 870
292 685
56 401
304 810
742 579
235 888
791 463
946 517
100 183
77 726
652 585
879 934
227 8
196 445
318 807
703 876
889 960
757 844
701 923
473 326
361 258
317 909
308 969
33 344
53 203
972 819
375 351
20 221
868 962
411 125
652 22
568 949
378 119
207 161
571 654
391 609
228 111
93 193
920 101
946 769
531 54
910 297
237 417
887 741
54 27
890 190
634 352
548 624
530 375
430 784
399 647
107 62
387 589
480 968
158 400
431 143
218 851
639 906
83 537
963 664
734 32
365 108
573 835
39 961
453 179
246 44
652 233
564 553
554 786
992 94
979 852
836 76
917 240
307 859
277 389
405 557
280 988
600 867
457 555
293 459
310 457
172 659
823 672
36 736
748 624
299 911
850 383
847 796
122 367
967 641
13 624
528 710
552 53
952 463
944 899
529 907
275 538
914 728
115 480
816 724
439 875
884 231
335 165
489 780
500 829
989 174
905 631
146 495
458 629
359 260
952 750
599 308
295 405
934 879
244 910
668 188
21 921
591 170
551 424
905 8
758 773
939 824
981 653
700 757
466 905
131 102
837 131
493 811
333 869
259 988
527 332
923 537
996 460
633 532
413 742
513 91
190 749
188 217
956 318
677 868
652 884
991 481
522 771
557 307
202 893
773 451
599 257
650 786
942 321
420 385
574 882
406 673
942 823
988 199
754 526
919 991
308 92
791 865
931 676
396 921
35 858
520 88
904 654
996 321
432 276
566 190
37 537
252 112
155 744
695 956
524 154
743 787
957 531
431 491
13 193
189 801
346 832
72 488
871 33
886 754
94 841
761 709
814 69
606 665
289 668
154 630
789 708
32 435
989 726
627 497
419 550
445 166
628 267
154 741
672 597
724 930
964 660
123 827
614 412
329 378
964 742
767 392
450 747
776 508
526 441
648 584
666 552
712 420
645 110
145 620
390 262
338 356
342 184
7 612
512 314
632 175
584 91
84 5
510 352
272 753
974 0
9 124
820 610
185 984
849 582
192 737
997 169
803 445
584 218
642 61
417 905
768 123
937 7
884 211
413 321
391 263
855 342
729 330
504 712
813 262
204 183
333 144
329 585
451 289
341 54
750 256
108 991
997 435
115 6
667 293
812 113
255 129
678 752
734 172
768 134
408 961
73 605
444 382
519 362
56 723
499 303
121 619
421 175
603 930
170 980
885 711
478 452
909 76
335 954
627 528
400 553
493 29
982 228
383 501
835 544
788 744
852 843
813 232
417 709
133 829
329 916
447 973
408 751
20 59
174 8
725 960
644 972
273 535
326 519
731 298
160 656
876 155
782 748
832 244
876 182
984 120
62 956
203 570
365 421
489 419
719 982
182 378
401 924
519 443
604 611
717 650
50 253
979 272
723 527
269 996
832 813
375 790
291 534
599 860
321 530
744 591
413 423
900 736
843 483
693 404
365 708
920 391
21 915
38 804
928 567
672 347
259 406
151 691
813 751
174 246
281 770
828 260
494 960
874 912
213 447
37 911
262 926
40 374
414 39
825 731
25 770
182 844
913 798
380 513
66 412
716 0
234 178
590 53
997 155
916 931
323 683
703 225
652 681
124 81
716 503
936 978
930 185
205 381
664 129
773 129
444 149
330 203
669 710
80 173
834 485
338 345
948 252
705 939
875 439
75 169
526 485
616 919
292 855
168 707
584 987
721 530
658 381
356 933
799 75
262 964
994 956
476 732
860 108
696 8
623 230
657 562
65 407
383 660
924 91
963 160
594 518
36 832
742 873
414 994
461 230
909 900
275 922
944 536
841 815
865 844
836 51
360 825
274 696
127 909
262 49
257 927
163 701
803 967
260 923
564 639
