83 803
739 771
644 103
581 548
31 156
862 985
302 124
511 503
526 25
810 261
245 65
478 80
13 450
662 241
414 118
883 172
802 131
634 640
90 378
393 694
590 49
850 488
602 551
802 935
84 780
963 169
457 459
381 645
863 301
868 436
805 450
859 174
671 118
774 302
222 670
349 339
556 414
740 244
93 385
791 712
425 228
379 207
390 775
64 440
594 193
755 351
326 903
287 402
198 232
19 385
204 928
463 609
253 199
464 467
355 838
507 949
330 85
182 876
646 60
274 588
313 716
805 423
611 400
419 878
921 558
989 878
56 756
578 425
12 552
417 312
785 761
225 915
10 523
24 405
903 411
271 878
41 288
463 214
761 34
628 635
15 346
367 480
855 356
634 234
445 637
389 695
145 94
445 981
45 106
780 629
716 26
92 930
685 130
828 74
420 824
629 352
194 264
926 194
307 175
668 430
285 202
886 772
912 642
116 792
305 814
879 168
744 957
683 228
162 415
314 814
657 86
346 167
158 70
318 58
785 942
611 202
648 131
872 340
923 480
409 192
672 627
197 802
513 542
994 823
891 201
915 478
314 625
520 460
472 143
995 276
917 775
291 913
345 859
849 417
868 564
96 961
870 549
514 423
994 396
821 72
269 149
796 134
813 516
305 828
620 983
81 970
212 790
584 304
492 256
227 233
465 211
237 478
984 655
313 795
263 816
478 650
163 71
489 330
364 436
803 659
21 921
483 641
368 893
543 51
702 180
572 503
452 16
765 28
481 7
847 819
36 520
899 290
666 314
53 238
581 988
450 149
944 795
254 110
30 915
899 565
331 212
22 351
154 112
971 30
230 695
64 249
741 928
183 684
589 172
741 871
666 632
872 85
248 479
486 700
635 609
192 859
846 189
525 693
168 454
651 25
370 628
520 515
597 522
871 347
569 824
142 616
833 557
611 312
730 554
863 615
585 485
755 521
68 777
831 445
609 855
857 177
530 763
731 284
642 533
853 468
82 177
473 453
468 502
118 554
129 144
340 795
174 379
599 939
472 101
6 844
544 989
786 937
786 238
692 0
111 570
119 251
659 261
493 954
361 824
990 438
90 573
538 372
348 382
936 876
607 757
775 53
635 391
89 414
485 74
136 244
176 943
25 355
552 678
829 483
730 270
461 361
248 733
966 70
705 522
954 168
92 468
254 475
956 286
379 660
647 899
235 874
225 928
973 73
471 26
700 252
429 940
25 70
568 860
489 982
975 259
746 957
212 600
631 652
625 313
986 423
694 997
1 704
198 360
753 657
297 259
479 986
781 847
846 515
693 782
698 990
964 919
267 93
850 660
597 971
421 369
620 354
635 499
357 136
932 3
872 678
884 614
746 608
350 882
814 282
12 167
211 444
402 639
913 788
723 435
837 853
100 52
444 625
300 619
613 800
741 365
478 653
292 647
16 313
643 626
943 655
329 58
937 843
367 25
73 328
195 643
803 396
649 989
535 170
77 951
731 91
366 348
760 474
228 178
23 371
802 746
156 687
542 245
168 351
670 848
349 779
797 206
307 318
810 233
112 679
281 413
819 710
915 393
985 976
809 75
721 178
222 110
66 814
810 266
212 565
642 153
355 121
925 289
992 645
610 315
907 596
101 487
771 811
408 178
21 612
702 573
91 56
643 787
739 376
431 71
89 47
361 823
879 615
296 73
384 831
277 176
604 855
108 275
765 96
674 338
737 794
944 734
128 242
805 292
805 272
682 790
354 531
262 846
324 641
634 520
109 847
815 123
712 842
403 35
759 215
899 142
104 861
602 912
110 205
48 838
364 691
190 628
172 588
789 283
821 779
302 539
588 50
660 888
153 409
973 884
58 470
128 905
310 962
945 481
567 332
128 236
418 268
623 165
979 206
194 746
913 360
280 302
416 154
648 308
406 113
983 746
181 64
118 184
575 444
216 971
480 235
89 579
357 96
442 309
450 133
256 117
601 261
86 28
103 92
7 450
0 438
925 105
35 465
839 693
848 737
916 411
13 494
591 93
584 795
963 648
599 701
621 842
683 814
921 507
499 389
125 607
349 828
922 493
383 510
232 967
980 275
633 974
746 833
758 73
271 376
781 466
228 434
884 213
746 958
591 670
937 64
174 606
216 422
210 761
398 369
366 15
487 454
82 630
634 680
258 568
23 596
805 918
870 9
817 57
442 866
236 440
765 185
214 523
157 9
346 219
492 560
195 620
957 263
51 768
114 512
423 273
363 27
54 338
673 293
232 482
728 805
180 159
938 524
729 899
681 497
590 437
717 518
973 919
171 714
201 463
582 988
897 701
375 264
365 824
232 34
981 429
783 532
193 869
790 101
955 633
303 81
497 613
724 159
14 390
684 603
768 897
834 648
620 674
280 689
861 782
617 980
652 517
491 755
690 775
483 537
104 978
267 990
207 261
126 63
60 716
956 885
419 1
65 920
396 747
344 175
627 94
278 943
993 463
65 238
161 673
886 530
253 689
697 979
293 986
655 882
937 454
464 677
71 195
889 448
686 941
605 601
907 77
27 111
792 678
707 384
10 903
19 206
436 850
990 406
431 177
355 485
339 535
651 462
855 834
204 748
92 955
403 761
448 127
326 433
726 494
183 702
930 461
973 696
634 42
357 232
744 420
941 378
733 860
345 277
640 971
495 113
75 850
780 915
670 72
394 655
421 684
185 339
908 39
817 364
667 532
130 488
789 312
11 239
442 432
591 454
517 715
629 841
951 861
758 861
90 124
154 551
674 971
731 964
357 337
323 86
108 925
922 192
985 464
415 351
808 399
535 45
619 252
676 146
117 976
412 977
696 167
963 628
105 824
595 125
537 783
807 819
679 960
911 85
745 74
374 390
626 710
919 157
477 827
278 311
23 888
883 283
859 589
153 786
743 126
884 970
323 636
257 573
450 994
735 882
456 521
627 120
964 80
139 450
544 324
344 820
563 816
374 809
975 41
247 462
862 721
115 78
327 206
36 274
975 165
926 628
811 696
156 729
498 154
317 418
607 915
54 869
555 173
657 925
49 153
938 362
347 246
442 597
787 279
709 21
235 544
247 519
526 605
883 78
335 583
211 119
535 556
827 71
109 410
696 571
413 759
847 44
307 776
623 677
24 188
736 50
819 772
101 583
332 394
173 698
953 579
568 942
283 139
445 836
563 987
128 96
166 497
575 614
24 172
190 72
220 977
401 933
249 528
967 127
81 957
846 184
675 35
505 930
808 67
942 842
475 821
379 520
89 913
73 854
887 941
409 235
811 259
667 178
507 645
358 692
938 904
930 862
617 594
520 320
186 618
419 284
423 91
72 583
993 588
416 999
821 279
758 281
896 412
44 830
100 889
232 177
34 632
44 80
415 517
755 220
284 426
695 750
453 290
520 344
603 662
303 478
100 447
360 495
112 641
894 300
975 151
992 307
102 1
465 72
417 271
14 569
938 817
808 812
615 925
225 792
986 243
91 589
266 968
868 953
86 909
814 775
690 700
450 142
90 287
469 571
179 197
955 356
977 497
776 251
459 352
998 243
403 407
72 617
953 463
436 442
895 30
119 933
600 691
803 109
121 918
60 166
497 25
72 577
29 911
788 869
844 840
483 932
817 134
937 479
639 359
310 447
639 799
143 985
772 489
686 549
720 593
385 220
263 66
408 819
785 847
488 184
54 296
669 384
657 187
604 378
359 828
982 76
297 819
472 496
628 193
359 258
730 150
961 841
801 521
7 223
922 645
31 759
660 469
142 42
351 524
811 886
172 659
718 108
889 24
127 716
187 791
971 63
164 144
864 945
380 604
938 545
939 533
7 766
668 570
580 327
462 348
83 215
364 999
428 340
156 640
720 747
101 0
652 345
25 122
266 888
738 431
732 300
969 339
10 25
945 779
35 235
602 750
223 434
682 389
371 288
413 856
326 455
941 191
880 772
118 801
531 786
960 525
361 829
783 91
197 252
63 61
750 138
480 295
5 929
73 256
375 483
57 468
990 390
569 952
483 259
606 690
118 644
418 698
446 808
770 400
27 396
762 211
593 367
892 131
503 538
55 165
789 762
820 393
53 691
924 624
559 979
966 671
696 337
429 483
166 608
293 624
394 163
414 922
792 983
89 103
978 847
111 767
584 456
745 345
700 587
378 451
642 128
505 981
709 996
203 587
69 346
77 861
996 879
127 21
399 397
387 37
994 758
357 506
716 339
677 144
50 760
159 76
823 373
52 384
745 436
569 830
863 777
29 733
342 419
297 489
171 238
23 738
139 402
661 379
766 340
635 892
449 431
911 7
67 895
322 260
416 602
468 769
697 235
34 882
644 291
520 184
247 478
969 801
336 304
787 797
184 98
424 304
607 661
398 0
9 50
568 781
797 259
678 560
254 649
536 129
802 387
712 465
120 96
812 432
294 618
346 156
49 735
55 976
886 589
456 836
309 441
978 998
269 884
916 85
970 786
90 590
467 232
533 861
344 953
653 434
657 670
312 509
434 768
181 863
355 971
793 71
659 449
171 725
508 655
515 934
489 96
708 333
660 548
427 779
597 197
599 554
701 326
208 940
465 953
45 690
665 355
925 532
751 389
559 973
157 666
933 623
0 544
523 170
705 325
966 180
954 456
687 654
566 264
102 43
336 549
428 758
205 425
73 903
438 555
931 129
318 56
576 147
162 886
131 873
422 310
642 534
92 173
696 984
383 127
110 112
366 529
957 141
140 114
135 884
907 644
307 454
937 885
663 542
859 789
479 933
935 779
539 932
838 896
743 70
461 168
981 423
548 256
341 52
143 824
628 384
995 951
74 665
667 525
109 829
952 2
563 44
791 904
341 395
460 287
528 570
140 133
133 635
848 647
79 15
253 761
404 271
921 486
693 76
752 973
240 387
740 896
669 768
403 98
869 774
602 332
486 745
815 339
147 720
461 674
408 666
409 328
276 228
809 958
271 780
67 311
322 293
187 340
694 991
279 731
245 714
493 563
413 383
988 695
451 339
695 125
820 73
646 153
422 467
575 818
821 605
914 577
641 30
562 314
285 147
798 761
58 394
24 370
994 848
661 444
289 519
475 875
774 32
633 536
815 417
711 160
386 587
959 366
280 458
667 373
619 993
670 967
337 34
935 659
41 888
695 974
721 137
516 656
154 10
726 354
260 801
326 793
387 281
807 66
499 806
956 802
63 46
225 576
388 943
926 674
453 802
582 641
184 812
126 394
733 941
848 313
559 47
79 308
299 293
845 665
821 917
641 613
658 668
804 491
529 804
226 701
18 132
341 953
968 436
325 331
987 716
949 795
357 736
839 587
847 474
887 888
716 340
460 234
187 127
331 73
490 382
326 790
805 0
82 883
446 990
238 24
959 194
335 43
179 783
120 731
882 971
919 257
339 446
915 396
364 485
865 375
476 648
694 745
226 36
87 721
847 821
452 996
662 956
123 109
123 609
544 199
961 77
762 490
814 151
561 7
473 785
460 970
268 734
783 819
860 834
809 529
493 270
467 572
171 750
973 333
947 985
834 60
888 517
836 462
929 428
307 577
511 743
638 229
661 253
124 736
136 408
500 718
62 756
592 4
258 220
48 519
93 332
891 406
434 405
720 857
720 656
771 324
338 202
364 268
82 848
721 780
473 232
691 876
764 859
334 367
777 611
449 928
815 284
238 169
563 538
404 39
879 360
463 437
877 200
617 507
137 116
474 434
396 463
555 135
157 328
593 698
929 820
108 34
300 656
543 272
224 408
634 604
234 247
851 423
324 923
475 726
900 588
956 455
884 865
336 780
619 502
997 601
129 198
789 755
831 186
738 15
605 139
591 213
757 689
305 551
164 392
204 441
329 660
218 311
622 906
86 341
996 482
687 963
204 32
718 958
406 396
444 125
447 607
340 52
875 999
89 433
684 737
777 715
769 544
813 965
509 993
176 738
119 650
657 283
714 496
663 692
872 240
113 244
40 389
719 371
88 616
576 198
281 878
416 661
158 939
598 510
680 252
808 83
938 42
451 54
643 306
467 716
157 546
730 543
929 406
641 350
845 664
657 528
156 758
588 813
712 726
501 789
430 180
529 729
581 876
928 79
989 498
180 332
280 398
197 434
128 182
654 977
989 308
888 82
737 567
832 286
562 549
599 453
578 925
63 682
247 226
141 435
74 468
344 407
646 649
516 144
607 641
474 984
277 503
400 840
307 523
152 668
816 708
680 346
914 67
358 465
233 219
374 782
607 764
481 305
730 438
867 462
460 603
938 120
808 541
894 160
832 351
953 19
63 600
380 65
760 225
35 442
537 232
422 27
496 637
589 878
737 898
680 623
449 311
760 899
482 11
301 204
323 311
413 735
938 732
46 646
425 981
88 160
323 367
50 278
49 532
31 546
118 287
85 256
579 74
450 366
767 756
555 408
631 302
834 708
342 84
139 444
241 433
179 449
450 410
630 92
342 741
723 569
541 907
670 765
646 864
323 206
845 12
378 377
82 529
235 165
734 269
838 903
780 962
527 536
866 192
605 953
691 644
670 223
483 329
337 120
102 325
967 917
301 727
406 162
118 772
164 992
303 921
428 108
182 107
112 681
648 82
548 160
164 412
786 464
915 222
600 688
423 572
514 64
965 170
516 808
960 627
113 784
211 430
929 815
955 690
2 72
847 758
630 302
253 650
429 440
970 548
607 623
861 275
360 164
232 368
16 742
460 650
902 442
905 528
760 731
311 713
394 881
284 591
745 262
713 146
266 251
755 433
659 137
516 60
46 235
179 541
622 785
430 932
207 328
955 233
175 925
198 973
18 992
201 297
982 333
30 968
93 797
922 569
312 99
551 964
822 587
225 253
537 301
58 118
705 191
261 535
183 368
627 913
152 537
685 681
116 918
102 320
402 986
316 46
522 849
804 150
142 782
879 965
150 965
740 796
231 835
795 774
919 369
68 851
807 48
306 226
549 414
335 869
189 270
316 566
260 830
109 616
185 322
680 8
520 270
984 146
684 904
698 536
825 548
3 781
931 177
996 136
398 256
171 172
811 837
743 476
635 366
615 980
547 857
984 498
501 459
690 964
655 122
565 131
761 475
205 796
216 272
967 408
507 737
31 753
134 3
680 485
947 199
295 799
673 641
596 248
758 792
613 773
601 941
89 866
645 733
118 916
787 281
688 980
943 229
119 760
796 981
747 203
911 586
183 669
445 932
663 925
490 834
375 130
183 702
945 609
351 572
11 401
734 696
203 994
966 46
207 260
936 365
53 476
396 805
76 553
637 400
462 845
923 533
834 663
318 439
330 285
99 292
478 422
831 697
618 238
350 851
291 947
150 0
777 76
677 44
826 849
995 944
572 661
974 620
604 600
672 317
687 169
271 522
531 457
257 520
348 754
593 686
295 831
570 155
788 237
39 450
93 79
893 936
237 399
526 748
95 680
299 5
844 881
421 26
576 500
280 378
234 68
364 483
334 292
401 72
113 453
654 580
232 216
430 755
286 793
32 592
352 908
482 153
638 897
657 655
320 3
824 9
658 199
778 984
454 232
805 540
573 679
862 422
569 743
634 335
714 623
384 509
955 152
593 918
240 278
753 717
335 412
877 970
584 888
88 710
569 221
676 188
563 631
674 562
115 938
118 887
237 219
882 47
764 360
220 137
439 507
615 417
792 697
379 482
654 385
490 235
517 297
513 442
111 386
622 655
601 595
828 863
620 635
105 305
847 680
672 60
694 12
255 135
201 87
175 731
811 384
59 91
916 621
184 164
438 699
888 23
961 975
426 691
507 98
473 911
783 419
327 565
777 334
303 890
316 682
276 146
488 809
625 321
11 624
557 292
27 110
474 734
597 490
771 815
917 173
136 438
506 278
367 286
373 916
473 351
54 318
134 940
691 926
173 514
382 357
196 336
610 360
609 1
274 15
315 958
934 518
880 545
867 181
235 749
557 714
881 913
339 374
801 155
408 437
622 49
521 143
930 594
608 404
896 100
684 836
198 358
723 467
557 101
501 548
239 421
998 21
908 29
431 536
169 637
489 233
694 771
928 283
1 744
832 446
636 562
447 619
432 330
847 720
181 30
606 590
127 57
627 103
366 70
302 270
914 908
413 783
345 707
479 693
927 805
351 346
953 351
975 785
718 158
326 223
474 951
952 808
504 919
792 6
811 217
604 484
873 918
781 721
5 86
370 825
879 60
856 917
386 904
120 329
770 615
237 694
264 85
800 270
684 34
122 629
158 697
701 496
953 397
543 997
820 879
165 2
645 123
360 889
348 393
502 913
450 855
751 320
925 3
770 332
113 629
220 801
388 699
981 524
701 87
839 647
90 219
475 333
710 189
226 13
987 965
692 995
289 779
665 937
891 237
314 734
202 614
75 445
368 635
711 94
539 871
192 233
693 118
210 502
92 846
530 522
858 561
8 588
579 399
182 318
342 441
908 655
155 576
58 685
360 724
769 72
463 184
462 273
167 115
988 433
477 722
629 558
526 648
692 352
804 743
18 410
964 216
84 332
624 775
173 989
173 818
781 854
59 168
438 210
148 990
478 481
451 980
478 84
507 887
654 11
225 471
762 337
807 929
886 41
813 7
953 714
942 826
737 190
828 666
3 544
577 940
900 796
516 362
569 104
380 953
816 520
28 196
778 168
179 941
925 938
135 572
953 575
965 800
191 962
743 450
129 696
82 577
450 964
723 775
379 551
822 459
39 924
411 640
140 682
510 595
343 562
296 945
138 816
335 679
108 95
943 995
317 429
955 392
652 422
676 615
728 4
637 328
583 411
633 264
414 555
65 501
478 719
14 612
679 826
879 811
4 769
376 595
634 955
247 285
166 501
812 806
539 83
652 453
380 721
762 137
388 247
299 575
503 91
268 360
941 632
178 554
203 924
870 557
613 359
403 22
876 887
797 920
920 672
488 973
794 457
226 101
425 307
454 502
951 698
646 273
63 790
772 573
509 907
205 37
505 995
11 284
194 470
693 89
403 576
429 725
653 625
461 9
481 378
207 469
960 498
600 299
489 24
865 826
398 763
674 775
283 102
314 69
531 151
103 925
985 598
998 425
305 787
128 786
849 568
50 337
71 709
15 347
264 795
276 421
105 480
415 111
406 897
861 85
45 390
975 232
846 646
864 964
353 28
958 18
44 281
522 302
496 233
629 531
695 210
409 25
348 950
226 793
518 786
431 911
306 870
97 502
757 725
151 626
715 423
522 679
591 762
428 655
63 16
832 80
138 737
598 995
697 816
566 769
192 995
750 448
320 45
537 75
466 246
798 752
409 202
746 259
892 878
603 912
104 638
787 798
670 92
109 863
422 220
39 475
671 131
659 660
393 141
484 732
937 581
202 42
617 695
169 852
650 193
724 94
774 553
802 241
766 576
51 135
981 428
593 163
424 811
69 549
594 923
676 779
47 174
902 659
821 755
68 589
363 632
259 445
391 3
329 693
759 456
827 754
747 477
376 557
45 409
374 194
711 634
239 797
544 246
903 496
162 610
621 321
27 150
460 288
125 25
685 855
820 281
730 506
844 234
721 717
269 928
819 5
444 568
808 470
575 224
169 68
44 759
346 718
678 575
850 100
254 759
736 385
314 885
12 323
524 529
967 823
82 796
575 290
453 111
3 555
552 248
976 924
431 31
462 895
73 808
458 124
116 913
976 920
972 850
164 258
183 52
637 760
136 690
167 510
102 900
548 566
568 459
735 387
455 847
172 519
104 667
135 557
276 354
79 313
198 835
735 99
785 976
993 434
675 861
319 69
834 435
736 788
866 708
563 222
472 584
50 988
221 622
734 866
746 447
499 678
381 605
169 777
590 993
582 546
456 201
979 98
359 280
537 298
682 999
487 464
965 809
516 241
839 645
555 200
818 924
488 796
148 562
717 248
697 418
577 924
483 34
638 297
815 614
117 10
493 464
824 934
604 5
532 242
919 466
705 298
144 797
912 968
928 808
24 981
768 73
348 477
735 309
660 896
752 2
935 154
814 308
122 267
199 463
880 986
883 203
549 69
240 46
40 796
748 187
189 396
741 224
997 711
64 981
611 72
28 936
843 300
634 934
864 924
172 924
514 807
423 27
843 965
422 866
525 798
932 541
154 784
622 548
543 56
970 614
757 559
232 652
237 582
524 858
576 773
397 128
744 812
630 615
367 909
926 526
58 104
613 740
857 774
133 912
941 562
770 949
351 593
672 833
849 114
89 876
555 537
431 934
845 253
260 881
4 137
867 950
875 640
562 259
774 569
383 586
62 410
124 93
732 505
232 365
188 902
612 649
904 524
710 668
789 974
437 903
558 886
867 38
172 985
544 295
174 30
288 44
315 981
307 794
193 260
508 546
320 709
465 316
937 739
126 604
413 619
550 69
19 288
328 121
129 526
562 674
453 584
524 427
177 541
307 872
34 925
104 597
363 242
773 642
483 346
227 739
863 200
347 173
909 874
975 676
142 77
236 2
839 444
15 779
549 152
497 676
674 441
744 513
904 475
707 485
513 516
145 476
857 793
999 285
792 176
692 947
424 409
355 603
879 133
117 343
593 721
240 977
590 788
767 676
427 219
55 451
176 965
852 413
437 466
942 608
810 992
83 474
697 269
850 991
890 912
745 645
291 795
668 907
434 281
91 160
137 485
942 975
588 187
384 392
489 39
277 578
717 147
224 53
151 839
838 260
595 145
217 863
302 748
802 743
569 324
974 42
724 399
524 662
952 71
448 250
48 149
831 384
661 767
783 487
877 74
250 525
24 395
312 514
246 990
189 655
664 642
830 757
130 4
723 99
569 160
410 127
127 662
248 181
352 448
684 773
823 858
10 639
298 2
697 906
760 639
722 274
939 614
77 215
709 512
649 290
227 351
544 987
520 511
37 789
776 393
603 75
402 379
211 780
928 611
409 954
38 858
140 433
5 149
392 146
579 855
50 623
241 299
967 833
593 300
937 621
905 295
840 133
368 88
592 34
396 122
156 183
30 59
656 34
995 843
411 971
479 677
153 271
360 317
3 894
988 90
601 256
896 469
22 870
839 647
614 829
659 130
31 677
819 910
616 679
352 899
898 310
869 814
842 605
892 980
112 502
671 363
704 26
89 312
3 324
42 451
128 487
128 959
932 216
729 70
939 535
266 762
353 135
322 141
866 805
472 578
906 941
893 412
499 63
336 788
121 825
797 440
939 294
560 423
864 364
604 441
874 907
931 379
972 33
312 744
732 187
113 747
781 286
434 610
909 116
536 940
421 210
140 842
482 837
599 875
478 500
288 858
604 697
695 67
879 522
13 395
45 964
706 540
989 919
531 743
418 548
910 492
771 466
915 197
281 400
113 594
900 341
873 525
514 572
627 653
989 948
372 168
416 427
993 544
566 730
722 297
855 979
366 177
695 983
974 317
117 692
129 557
557 51
780 894
250 416
427 686
628 259
249 20
465 916
632 100
404 539
277 386
503 165
307 743
813 363
882 879
673 860
323 851
12 770
620 873
95 394
299 105
830 957
432 331
917 860
499 28
994 968
295 344
574 295
186 281
233 491
226 245
713 660
405 61
791 750
708 482
886 397
278 739
49 612
173 281
559 302
31 523
389 276
500 957
305 340
198 51
311 146
601 572
922 153
457 58
680 18
419 893
850 997
521 855
599 869
549 786
764 798
848 846
594 138
488 359
708 176
780 978
251 422
37 312
271 493
12 708
29 707
10 510
328 543
879 594
397 68
226 562
575 40
18 360
43 743
719 160
1 0
728 122
424 617
90 365
757 422
545 383
688 205
414 193
771 405
13 215
551 293
930 750
484 425
656 717
589 342
485 462
999 271
286 934
348 344
490 560
311 32
405 648
726 732
908 114
215 317
327 651
889 692
496 720
352 476
111 99
276 309
47 180
871 897
801 251
969 887
762 371
194 341
348 730
843 107
510 54
849 267
33 42
935 388
328 445
199 565
538 187
436 646
856 949
111 187
405 252
36 530
631 563
393 339
617 642
75 279
794 199
884 17
558 279
933 386
798 346
899 657
766 964
113 950
356 631
338 967
96 158
170 900
156 477
504 589
633 916
34 932
123 810
285 413
563 718
150 642
343 641
642 714
735 823
159 105
351 645
893 603
356 4
493 170
13 531
492 64
112 395
675 742
373 739
855 490
467 364
456 71
853 999
696 415
985 627
361 795
61 186
627 179
478 803
858 568
94 842
112 79
313 755
476 585
308 743
310 965
827 517
709 207
174 577
640 465
831 554
893 47
506 924
721 633
665 966
501 562
251 127
753 398
553 154
783 168
845 368
935 344
463 188
667 772
133 649
446 414
718 352
790 339
59 54
922 67
890 338
530 948
473 884
922 313
252 881
706 432
338 43
461 65
362 278
220 683
566 157
543 177
313 394
103 577
378 4
290 756
237 619
844 905
442 279
631 373
245 630
47 77
985 149
181 844
409 686
797 967
565 319
854 406
893 419
29 925
629 906
958 57
293 508
833 310
420 538
965 844
577 765
132 987
893 232
930 107
704 776
578 630
382 221
935 873
710 792
60 213
615 140
26 300
975 649
964 367
490 235
471 829
371 17
99 653
210 154
120 236
298 906
743 506
614 465
847 751
351 389
521 491
604 406
248 171
567 71
744 848
496 717
330 697
961 431
17 144
924 485
772 346
580 285
72 992
263 505
249 387
325 349
422 389
313 684
510 314
24 242
874 652
754 251
881 294
260 378
354 200
720 191
1 178
426 96
337 188
103 40
290 553
100 164
592 460
392 554
848 179
496 29
879 512
917 211
392 55
403 823
210 449
616 690
620 302
183 525
46 730
841 681
237 782
960 279
586 207
967 460
961 756
568 404
409 889
147 304
780 184
504 10
76 343
794 372
80 180
240 928
458 389
769 746
327 357
20 674
578 609
673 982
813 832
382 868
901 896
802 509
328 510
96 749
486 805
721 543
121 848
777 638
235 954
868 606
115 266
4 960
507 821
802 404
832 899
598 969
199 724
13 824
249 395
991 135
707 656
57 17
988 268
637 522
483 877
908 281
805 50
590 462
376 600
598 290
440 482
156 22
955 543
56 876
2 222
272 850
566 156
806 781
829 374
793 321
552 850
495 774
914 903
100 863
111 254
953 357
878 104
483 152
741 742
991 477
751 384
200 498
861 805
356 878
14 249
633 87
164 965
159 355
669 87
826 784
498 322
959 999
192 849
976 474
896 117
846 751
821 399
298 940
578 134
656 98
757 873
728 919
948 985
42 395
395 238
54 276
694 954
213 173
169 986
911 785
314 680
426 309
511 990
467 292
18 941
741 388
534 843
891 173
12 795
331 874
391 278
186 488
632 488
918 523
766 406
699 856
549 427
365 949
690 873
759 341
897 564
638 912
508 466
950 486
672 591
694 724
277 941
266 471
466 553
741 158
330 313
689 644
815 17
109 578
857 228
49 812
699 664
921 354
115 74
516 382
652 673
600 373
594 478
267 934
633 553
936 544
953 79
13 233
466 119
725 888
337 460
207 748
196 228
745 101
296 360
122 712
956 572
91 17
625 502
881 545
409 187
691 534
384 109
162 505
500 721
105 203
181 700
210 265
88 598
131 975
830 335
51 905
972 117
213 372
310 144
896 587
909 492
96 509
715 758
781 851
711 586
245 959
257 9
529 497
995 552
729 243
841 259
541 396
559 848
961 578
198 752
91 704
411 81
628 407
220 318
129 649
696 256
22 472
50 205
222 661
624 879
241 69
830 896
858 702
707 129
811 991
725 610
703 517
590 491
204 178
682 409
4 271
739 725
878 931
699 342
878 92
941 895
261 529
337 739
30 194
762 428
367 239
830 786
296 694
249 393
507 464
910 732
791 90
668 614
67 82
640 623
164 975
157 555
315 963
836 150
878 757
769 364
417 886
365 469
385 878
674 949
469 951
998 874
281 590
654 127
968 794
486 373
157 53
835 408
950 879
158 888
454 90
845 446
686 345
783 558
343 553
891 277
446 57
589 887
196 318
447 443
89 255
376 411
101 976
356 547
146 137
536 242
138 950
600 222
176 226
559 618
701 820
81 939
250 588
648 808
597 279
26 959
498 45
939 869
127 380
788 749
28 981
544 802
141 501
311 656
621 942
657 676
921 811
600 251
230 731
418 112
303 884
42 199
751 961
594 247
816 918
343 869
870 0
249 835
852 25
726 847
464 505
914 920
964 849
684 795
556 657
176 243
424 754
853 631
437 653
410 558
68 57
74 517
838 228
600 753
514 217
729 288
949 352
333 466
805 827
473 85
970 476
877 894
313 76
925 155
215 910
950 413
758 378
390 179
255 54
152 329
932 231
883 743
504 405
839 614
214 860
419 694
211 487
133 355
161 927
671 846
992 865
82 200
59 749
698 793
941 986
502 862
398 151
890 664
118 829
939 361
188 809
14 290
371 437
845 160
554 982
471 670
22 896
907 611
599 293
201 59
916 445
821 988
923 982
513 303
713 77
549 214
474 725
550 365
934 84
624 257
121 598
233 445
245 0
980 979
821 886
895 399
944 601
857 735
120 696
123 639
167 551
26 674
805 629
494 586
329 695
891 768
929 986
977 783
959 262
674 763
650 854
903 799
486 355
223 388
793 864
590 189
83 529
469 143
809 804
604 247
278 266
337 939
255 295
195 986
929 84
648 47
58 430
407 912
968 952
498 670
586 939
628 685
97 269
363 563
274 15
58 222
555 385
710 309
335 8
515 256
872 528
162 116
8 780
801 798
116 26
87 721
582 116
2 339
645 329
359 993
459 650
517 675
235 696
207 835
852 378
972 62
135 164
685 37
233 836
506 101
653 814
721 762
665 904
260 163
611 711
934 990
505 840
554 148
762 363
239 423
635 529
884 336
945 574
804 158
736 985
838 577
359 273
124 68
481 218
614 984
88 573
891 101
311 749
931 163
52 246
515 583
384 408
141 58
613 417
140 835
851 584
161 813
558 61
437 931
448 591
988 575
70 709
850 98
218 838
517 981
813 261
382 727
550 299
589 327
292 792
336 849
540 20
935 302
551 440
224 875
194 146
410 364
747 357
304 273
862 703
972 814
257 860
892 529
194 127
286 229
3 641
276 571
127 786
228 536
884 788
759 913
285 392
316 314
2 776
936 47
126 131
420 650
677 751
186 59
456 136
909 126
215 503
29 61
473 974
460 566
163 983
496 704
251 484
381 631
343 682
102 247
623 143
376 429
356 682
484 256
59 601
166 750
322 189
198 564
262 723
35 758
751 636
511 460
384 955
507 797
935 814
111 277
621 302
182 770
754 649
100 828
504 919
813 19
866 169
764 339
330 685
556 962
364 950
535 586
538 857
496 385
740 634
183 125
499 84
632 982
675 800
128 852
755 429
686 511
10 342
34 838
344 385
749 463
798 851
44 396
627 73
778 679
380 465
96 164
190 503
356 933
707 947
380 83
487 856
93 400
686 696
732 161
341 818
88 104
249 502
803 889
735 159
171 698
321 527
521 69
370 672
444 426
238 606
51 733
145 3
294 447
539 650
735 433
684 485
251 259
234 674
223 754
980 776
400 168
785 232
731 293
170 414
998 795
561 982
705 791
485 547
156 331
587 226
223 177
626 606
32 146
875 397
956 501
731 168
653 939
519 255
308 22
643 595
644 530
791 253
163 324
814 195
717 103
340 251
142 613
899 472
212 994
258 338
63 653
843 290
774 712
103 170
687 510
745 411
83 188
116 808
172 624
665 536
691 438
217 801
314 938
75 392
3 735
554 749
59 574
174 58
671 506
662 556
817 0
71 875
71 445
436 892
280 463
738 605
948 381
237 272
199 594
717 769
145 117
47 866
301 204
233 414
300 839
862 729
77 913
522 54
908 848
811 435
788 118
644 847
930 408
615 684
784 419
373 903
530 183
581 37
488 884
768 319
401 537
677 245
120 515
14 649
774 242
597 10
955 800
740 850
802 98
552 673
601 817
993 856
66 114
537 249
745 625
414 595
977 21
614 316
397 372
654 784
568 591
263 670
586 689
461 305
784 889
5 307
567 174
955 269
588 10
597 684
155 343
648 206
178 167
821 947
424 928
135 78
656 899
427 793
516 781
692 448
264 855
3 942
189 368
640 149
254 755
695 481
778 611
145 83
806 338
70 260
734 105
588 935
648 810
119 937
886 505
877 948
286 633
277 959
247 619
907 113
866 992
378 252
755 536
151 887
642 356
501 860
562 45
547 112
206 543
886 632
963 576
36 993
38 651
694 888
658 617
761 440
854 887
74 793
481 922
491 230
99 167
839 903
761 615
69 557
820 991
956 540
991 86
412 234
307 160
300 606
642 472
38 100
420 474
891 429
760 870
12 258
331 976
182 905
910 708
977 769
967 430
141 608
999 128
266 44
67 342
787 325
185 515
757 713
105 966
906 330
605 990
948 818
223 314
328 798
710 198
713 545
299 928
310 63
982 1
817 218
361 671
885 113
757 870
19 556
57 238
801 805
436 712
720 320
995 867
736 131
699 803
90 128
389 665
305 935
345 309
222 936
800 839
7 695
666 702
44 0
416 680
534 746
336 328
723 840
331 941
602 514
132 951
775 746
31 356
508 403
771 937
349 580
957 52
862 537
315 518
627 786
522 54
700 693
413 536
778 223
18 45
466 568
354 84
70 725
933 590
66 214
240 503
698 799
884 873
909 812
812 690
925 430
475 893
982 762
623 550
337 353
518 815
277 58
459 448
312 163
669 507
767 694
885 573
656 392
770 449
736 165
122 438
654 223
407 961
195 78
179 229
292 361
450 934
341 874
387 950
580 136
234 447
359 54
341 527
659 481
721 177
387 774
864 439
433 610
33 909
564 643
829 722
838 723
193 112
32 214
589 42
716 577
831 405
199 170
941 831
633 502
630 204
18 989
419 544
675 914
455 695
150 550
479 599
51 645
112 751
785 8
909 497
413 785
138 882
9 142
640 739
332 796
924 24
226 772
214 14
784 387
67 777
566 868
584 794
113 904
4 88
92 734
264 550
754 989
253 2
139 261
898 622
81 646
753 551
221 329
781 563
139 498
355 560
767 439
273 679
890 122
703 855
845 642
945 773
624 56
446 729
632 341
240 845
891 633
0 238
89 230
941 389
41 467
569 783
149 493
200 536
931 79
678 111
264 554
76 779
227 959
623 651
628 633
469 810
87 841
620 729
369 609
697 543
254 873
162 508
236 272
73 995
55 26
373 365
50 776
526 651
767 630
669 99
451 53
806 363
17 617
683 956
833 444
318 582
693 401
530 289
744 181
119 443
947 240
888 510
541 106
138 801
239 272
564 6
857 405
790 196
508 77
23 907
293 677
535 84
659 934
269 947
645 81
318 349
275 916
763 987
807 619
773 609
87 713
240 632
379 317
753 423
469 442
789 705
786 247
112 927
491 973
967 286
776 615
730 731
346 659
802 723
611 414
554 136
621 511
237 85
179 65
4 58
880 596
418 659
546 645
942 835
786 586
412 998
572 690
185 963
69 257
944 448
733 617
222 377
291 259
558 64
303 109
930 704
872 70
384 101
123 709
564 34
908 312
727 518
700 232
60 241
80 457
475 32
337 287
212 16
85 787
793 639
82 518
112 501
18 885
556 826
760 386
103 490
301 435
350 123
990 435
545 735
230 679
37 853
876 923
728 297
969 963
969 4
344 270
929 294
298 124
450 400
325 392
330 294
96 856
43 865
438 57
411 547
852 80
636 475
152 771
783 337
769 142
265 628
21 522
786 582
459 648
197 169
326 251
201 522
690 34
404 860
510 93
543 856
662 87
386 888
923 306
508 443
777 65
630 970
318 566
349 865
282 20
179 258
487 222
817 659
222 942
403 471
235 139
816 578
903 457
900 518
600 284
44 43
263 207
493 532
869 806
577 124
235 629
87 694
45 39
854 596
177 568
365 624
346 662
434 998
92 98
534 114
843 621
34 454
45 117
728 700
816 559
879 762
49 486
580 627
490 513
714 273
551 595
39 825
38 84
266 719
984 653
620 328
608 185
290 367
983 22
724 351
922 443
670 671
81 644
672 435
628 840
803 471
844 692
155 318
139 824
636 1
625 263
986 236
380 12
545 178
179 311
701 360
847 727
975 239
126 162
237 227
838 72
93 73
547 990
918 301
765 974
282 249
377 435
684 729
561 138
242 627
323 932
479 925
523 432
616 535
854 581
312 7
708 229
123 299
65 158
851 856
752 306
90 938
388 390
5 973
405 207
714 335
339 424
446 680
386 568
340 730
211 1
981 915
706 691
817 649
1 959
56 13
504 832
320 456
223 515
243 954
691 455
636 945
600 167
677 278
601 253
800 460
449 665
881 562
981 934
732 704
992 237
640 110
154 348
791 271
502 590
497 452
647 542
628 629
486 262
962 283
547 545
559 313
309 393
942 145
903 82
823 619
90 94
742 695
377 306
867 68
133 237
874 417
325 632
839 272
633 569
272 3
707 570
758 606
339 630
328 412
686 508
830 198
282 4
904 142
801 302
913 449
663 74
387 203
217 377
800 941
116 491
82 345
303 658
808 102
967 340
685 999
445 894
294 717
733 19
264 213
494 316
620 133
281 345
593 943
160 925
436 928
916 104
901 74
138 663
521 741
188 110
984 621
576 517
539 733
455 392
52 281
396 680
329 241
174 719
630 185
108 649
102 669
429 901
590 514
489 571
14 888
343 400
388 284
691 117
527 289
939 614
662 678
647 206
163 331
243 847
839 365
627 247
906 105
962 654
647 877
150 308
2 234
43 224
127 398
514 338
152 54
630 306
731 344
44 818
158 446
764 750
704 142
304 164
61 991
56 710
125 279
287 709
41 55
669 95
859 920
338 577
226 206
764 927
335 130
149 272
559 974
925 904
909 682
639 733
386 579
362 410
916 379
438 625
160 884
185 11
166 101
326 580
16 663
528 746
534 121
480 156
49 408
793 672
553 571
44 924
678 730
941 413
480 62
513 206
379 995
986 976
530 331
841 920
190 588
999 759
212 481
992 443
913 439
509 218
466 22
836 702
228 743
653 132
372 36
699 599
29 90
494 386
92 276
625 698
545 354
269 145
740 374
753 319
18 959
780 875
507 134
817 648
672 86
894 794
678 529
529 832
146 549
534 907
952 301
529 580
436 787
309 805
940 76
512 869
488 804
619 751
911 89
209 756
527 83
147 76
241 848
229 284
238 46
769 330
426 130
974 188
572 53
604 78
734 902
335 330
144 51
958 809
739 217
743 512
405 91
400 14
448 94
340 409
254 355
369 553
318 134
794 532
820 692
926 712
528 401
724 192
685 999
392 285
956 243
119 262
268 449
323 427
464 679
843 210
278 543
979 844
848 982
459 378
304 178
246 609
36 65
625 108
940 116
862 945
372 810
741 204
130 513
598 791
718 703
805 619
241 599
170 888
131 447
140 488
517 237
425 754
303 770
220 603
744 319
108 670
816 716
333 924
619 56
134 695
484 842
822 520
843 285
995 208
21 979
800 908
142 896
515 585
542 919
776 863
517 395
357 123
756 187
852 244
746 320
262 966
375 627
682 893
305 295
34 569
552 390
790 832
528 424
599 706
139 22
866 286
192 748
846 505
668 628
740 94
899 463
275 977
923 999
949 382
918 169
426 511
698 6
223 586
54 712
546 865
323 321
540 226
188 302
515 159
748 779
707 104
979 521
305 564
828 658
532 391
670 621
456 157
189 677
264 877
388 708
943 344
586 916
628 601
318 246
591 559
663 324
452 517
757 816
371 882
190 168
226 12
950 177
824 272
14 992
30 988
919 312
60 966
691 181
804 949
105 583
999 549
115 154
139 56
493 914
590 120
997 676
890 73
41 912
709 715
321 979
571 789
794 600
114 149
868 14
802 108
553 357
655 278
915 266
932 111
960 346
254 609
932 388
490 666
460 22
988 906
178 185
949 547
546 161
800 289
936 100
969 569
979 965
178 957
42 128
588 173
74 181
902 274
401 482
877 499
138 520
833 859
925 368
143 562
434 182
944 383
842 299
557 871
770 913
13 735
925 736
93 654
45 142
731 350
278 362
200 433
391 977
55 583
774 34
589 86
318 228
831 835
152 95
363 740
251 728
740 448
713 974
309 238
440 977
641 978
161 482
69 78
736 989
299 885
257 4
908 818
843 765
16 808
868 476
93 603
81 411
906 19
456 365
839 976
636 10
155 305
356 604
985 991
489 689
625 990
441 641
550 508
797 863
41 946
451 109
33 968
985 888
812 444
879 298
71 330
959 198
910 152
780 294
465 632
268 736
476 641
756 991
457 607
358 46
803 46
1 471
305 606
14 706
294 536
538 361
337 415
917 536
494 794
5 490
256 398
879 134
265 832
356 120
167 679
596 836
965 208
674 510
451 763
268 885
867 787
381 429
594 971
696 84
94 476
859 308
186 939
94 103
115 423
566 537
238 32
203 239
825 475
578 909
475 578
488 157
632 992
700 36
354 126
118 131
449 530
282 523
556 924
312 631
827 567
870 282
286 350
554 172
660 69
834 963
959 821
351 720
164 186
824 309
8 835
475 417
222 406
174 80
62 277
164 641
783 801
99 845
573 913
297 257
6 231
439 104
486 167
390 209
274 213
694 464
33 802
446 819
207 939
421 531
179 622
559 685
512 465
459 620
25 873
809 205
926 883
753 831
875 571
214 741
455 679
274 625
697 367
35 990
111 132
427 426
9 626
245 110
842 939
603 436
486 489
37 620
855 407
324 27
898 261
724 40
86 142
248 476
917 559
63 302
730 111
260 760
786 341
643 985
824 595
79 39
865 245
529 201
846 518
939 751
623 847
995 543
876 340
787 621
231 230
981 958
133 718
555 481
948 996
668 81
974 677
771 555
764 514
66 505
798 563
708 825
926 639
815 30
476 118
952 121
788 750
721 739
764 918
581 729
489 699
732 436
538 540
194 731
996 452
810 600
132 235
969 429
99 481
493 617
851 745
619 434
64 869
479 256
418 156
806 300
391 213
984 51
597 38
218 916
189 317
87 33
227 42
919 469
490 280
743 395
236 215
872 710
535 423
420 506
788 218
570 678
577 702
19 109
453 21
933 232
811 43
917 233
232 844
249 966
647 360
739 137
684 69
34 368
86 262
259 397
637 485
317 108
586 138
297 796
734 751
248 556
587 266
414 924
415 853
965 445
30 742
237 998
255 134
110 972
719 153
880 741
898 145
986 641
600 974
271 109
179 902
742 565
143 845
712 973
699 993
509 453
340 61
327 231
904 24
216 214
471 249
424 645
694 498
502 353
414 830
975 571
921 591
429 342
996 920
39 665
392 780
718 330
299 194
399 600
203 726
772 187
643 124
165 74
878 931
477 0
303 260
519 867
379 54
479 75
63 496
77 940
987 914
492 752
464 40
536 156
813 835
686 541
565 726
646 919
605 114
363 490
65 375
795 449
246 879
969 944
98 984
320 113
560 223
474 43
543 363
183 664
842 589
297 162
579 954
924 945
720 26
875 443
831 176
493 649
438 598
127 985
243 685
811 621
650 542
622 744
277 976
726 88
253 238
554 77
375 156
453 612
122 206
346 272
765 869
531 582
541 943
356 331
268 282
882 484
629 485
370 945
532 386
756 784
403 764
413 658
126 73
540 459
704 788
572 587
423 242
480 148
234 294
6 760
283 811
578 553
903 846
283 996
665 142
346 235
383 745
414 581
221 644
189 556
918 94
125 298
865 545
169 713
431 903
967 702
362 53
125 425
649 846
412 916
153 287
205 13
606 162
128 722
319 785
900 688
855 673
809 864
559 809
584 639
520 901
724 896
599 747
986 728
346 769
843 885
374 569
554 340
619 411
249 406
647 213
534 958
255 601
339 241
149 107
779 971
162 198
176 266
412 290
706 593
883 675
426 923
318 297
916 178
275 136
619 995
339 884
966 832
491 218
760 210
71 213
710 392
689 44
913 752
519 29
355 41
411 624
518 331
195 650
296 971
537 333
779 783
61 352
344 11
183 80
492 461
105 91
851 795
72 196
849 703
939 560
112 491
715 212
907 335
739 513
856 861
882 29
748 925
211 823
417 810
862 343
355 184
815 528
752 536
915 450
949 465
347 680
269 765
202 267
276 205
73 777
450 314
337 126
324 321
416 581
940 298
436 531
928 758
645 24
584 74
592 659
569 4
301 520
967 576
242 673
87 200
600 39
834 54
171 867
965 191
640 165
453 599
166 159
592 186
311 648
351 822
696 993
512 307
44 989
576 691
415 425
766 540
358 61
490 815
220 711
28 708
614 763
713 412
864 505
199 515
905 611
210 376
593 112
600 170
300 210
599 568
350 801
374 549
973 874
200 623
399 599
165 98
280 220
858 886
13 691
425 698
887 109
556 195
223 398
243 773
704 860
5 964
467 531
747 351
147 855
695 858
376 616
955 735
425 91
55 705
634 755
810 628
198 123
353 668
165 86
998 576
54 797
352 378
601 797
888 743
147 474
579 310
372 44
355 822
701 725
625 344
378 379
13 966
496 352
102 734
800 116
13 472
65 652
803 400
772 281
898 23
713 943
633 941
247 120
730 531
712 37
85 376
354 960
871 418
578 297
174 783
836 123
451 791
373 994
330 655
721 44
965 597
328 817
916 899
460 768
993 978
422 311
896 405
774 806
20 422
976 417
605 457
931 905
165 627
214 821
417 902
756 698
725 124
958 292
16 461
575 904
511 56
579 752
349 290
752 849
912 733
975 957
607 496
524 432
455 711
456 625
941 479
608 159
38 312
446 133
858 639
565 908
527 399
163 299
769 708
383 85
47 659
457 32
665 377
321 821
909 847
271 121
609 847
658 759
187 150
732 663
189 485
194 959
460 509
610 901
71 350
213 102
60 853
284 790
982 632
886 20
35 663
143 865
818 137
53 357
849 16
324 207
333 170
609 63
499 469
596 49
707 406
166 464
860 853
90 780
882 785
136 985
732 860
164 526
418 434
366 391
428 460
402 239
214 595
311 710
240 651
949 179
81 734
279 646
731 841
968 741
785 207
91 984
149 720
146 43
775 238
624 864
160 572
10 878
165 179
975 402
326 131
177 872
814 674
60 422
189 972
571 365
80 183
130 93
322 993
189 556
692 136
400 515
289 662
48 358
892 184
62 101
898 33
772 323
196 143
128 738
933 738
334 961
106 708
97 708
423 514
10 350
614 13
457 750
250 949
128 163
122 859
520 732
577 698
426 265
130 657
311 568
480 23
52 605
555 740
725 657
456 495
19 29
232 929
512 923
152 965
158 369
264 187
327 539
957 552
376 861
969 868
543 82
778 847
947 379
872 528
146 975
192 780
277 763
662 16
312 391
335 795
678 285
356 34
138 671
458 681
768 643
431 99
801 853
335 439
541 569
124 703
371 340
92 189
380 255
492 269
254 142
635 441
404 547
265 197
459 569
110 392
935 832
239 507
803 381
962 937
88 827
819 547
621 50
704 999
277 930
583 484
598 260
895 445
861 269
275 735
710 648
443 777
505 695
589 351
849 294
569 555
695 700
194 321
451 374
31 157
186 506
850 795
51 85
960 146
403 658
591 318
864 879
438 512
67 829
357 260
598 988
158 704
53 432
203 908
658 261
991 818
464 674
801 220
601 909
674 268
163 203
512 563
381 850
467 522
727 997
308 294
823 67
934 4
872 124
932 137
53 481
2 84
444 559
592 835
533 552
769 911
665 158
234 101
672 796
285 121
707 131
621 73
32 334
964 259
963 571
297 668
481 959
837 814
272 652
596 477
931 49
889 31
546 599
265 382
29 747
730 507
49 540
605 816
11 995
6 129
570 946
924 88
113 291
380 717
210 870
248 822
902 294
725 697
296 592
874 339
729 937
52 819
902 980
670 800
7 644
70 11
409 436
627 395
650 577
586 387
36 328
240 74
275 953
234 999
760 832
800 207
488 212
128 453
863 525
662 260
406 823
969 260
651 741
457 270
8 204
341 270
268 590
49 492
29 640
92 447
655 552
239 711
149 62
138 765
462 829
41 881
468 598
787 623
326 810
243 456
758 354
231 456
428 805
566 289
368 5
623 956
359 30
908 783
77 524
469 543
441 304
601 971
806 582
495 834
845 318
355 211
872 990
277 815
74 736
899 661
586 789
222 322
342 606
970 162
483 602
910 592
331 97
36 925
256 867
739 833
764 870
479 571
795 979
690 366
40 740
740 611
636 332
478 533
190 986
637 829
996 12
489 842
63 700
749 620
317 337
297 966
911 37
91 406
723 54
68 522
388 860
550 248
789 262
547 81
573 785
153 20
979 694
530 339
3 350
568 612
465 604
406 470
98 376
697 94
195 492
485 573
401 236
548 759
519 831
241 59
933 924
227 610
685 531
837 342
594 242
882 41
385 728
422 278
609 449
87 879
191 983
562 509
154 801
42 46
238 371
356 438
340 985
366 844
102 177
741 599
375 116
446 806
185 857
452 105
457 591
632 383
316 340
79 316
789 582
693 903
47 269
487 302
660 476
958 894
800 338
560 850
784 841
728 855
828 539
389 403
932 443
416 840
174 927
24 616
773 888
872 398
893 843
903 615
779 280
88 131
906 804
224 980
448 309
332 226
87 121
149 704
463 467
252 502
552 220
432 428
614 26
959 208
701 191
552 717
308 737
318 752
638 577
81 975
435 851
383 601
229 417
368 292
414 707
871 7
151 615
604 380
227 809
790 497
443 359
310 228
634 548
807 521
920 823
97 17
236 151
620 384
523 45
10 339
949 982
525 125
342 547
224 941
162 983
282 237
346 197
236 89
707 12
324 697
693 848
346 77
409 381
584 181
604 210
22 482
785 992
187 204
898 918
152 385
294 987
854 999
638 462
256 670
562 853
667 789
513 897
209 111
301 482
861 138
997 44
201 620
60 790
564 809
510 475
823 958
155 750
790 20
428 615
900 713
883 396
215 248
207 462
674 187
676 426
945 755
921 975
271 693
691 163
884 456
983 93
858 654
253 222
399 735
8 274
237 461
66 308
748 880
596 515
873 726
890 159
519 797
549 535
652 33
194 91
215 677
457 241
37 495
264 15
347 461
925 956
990 974
554 642
894 303
491 371
841 26
851 648
876 132
828 80
260 452
990 875
426 699
415 468
948 828
864 412
857 858
904 760
605 808
977 625
482 665
704 900
807 93
939 182
466 156
531 486
586 498
289 463
624 751
261 368
667 474
841 561
770 817
828 524
964 240
666 918
99 819
817 825
943 154
6 87
823 368
518 333
699 336
241 209
181 165
144 450
445 843
847 843
724 727
94 739
888 136
273 452
573 505
639 781
813 181
40 919
615 421
632 656
155 128
528 896
349 328
348 70
616 141
318 901
249 808
561 584
988 262
362 607
829 423
457 654
117 458
797 424
68 799
869 21
901 656
820 469
701 565
708 504
93 466
794 147
680 471
634 321
302 821
561 452
70 536
369 126
594 685
266 113
292 713
122 382
151 363
559 46
160 383
524 387
323 480
760 450
634 162
180 848
40 953
282 78
172 505
987 50
817 835
41 451
850 352
435 809
651 229
239 934
266 891
793 573
245 562
122 478
493 162
284 979
7 246
593 58
164 53
844 494
142 414
367 636
643 287
299 48
166 962
326 914
624 117
119 777
814 757
325 41
84 126
485 468
783 16
474 123
616 705
23 846
13 500
368 920
633 756
167 600
116 943
842 301
933 129
705 938
603 99
397 874
19 792
260 224
36 956
170 485
254 569
969 598
497 104
721 858
586 96
74 581
16 502
350 508
317 834
436 246
840 617
167 570
879 668
933 755
841 437
515 85
106 193
942 650
752 790
628 542
706 490
817 611
488 237
837 442
957 285
867 111
585 236
285 319
171 32
419 905
76 238
770 310
406 836
57 774
604 738
590 680
579 484
71 214
894 543
901 643
999 13
123 346
401 295
308 684
843 518
218 238
39 637
131 940
176 911
382 710
121 705
364 550
971 651
953 762
127 16
929 76
313 575
647 163
349 214
233 582
91 626
535 893
222 862
690 548
235 261
562 717
189 77
768 89
213 682
98 690
206 60
701 896
703 71
508 318
233 885
254 904
384 298
830 556
719 555
964 194
724 499
849 817
234 180
95 927
373 134
719 924
673 840
468 764
595 576
853 911
577 856
1 503
61 624
666 21
292 721
795 873
6 109
310 780
854 913
254 899
96 627
827 611
202 734
508 115
619 847
735 258
689 836
564 894
687 224
992 454
754 861
308 77
429 550
93 51
179 808
567 794
217 29
435 786
662 604
208 641
762 288
621 251
268 395
117 249
88 407
603 537
341 754
236 106
581 555
572 587
717 661
664 239
220 575
331 166
393 853
516 603
69 247
572 141
343 291
582 645
278 585
95 91
225 916
997 733
698 408
188 214
714 228
259 870
62 622
830 219
166 133
388 292
510 111
680 222
806 391
933 837
932 994
2 513
913 815
917 914
753 248
596 153
92 498
494 180
130 797
640 550
243 128
596 865
915 196
484 168
221 755
76 926
399 853
173 565
67 815
726 428
509 360
29 280
456 433
52 925
516 969
814 377
234 162
960 309
200 732
228 985
583 731
313 859
41 535
775 292
977 64
150 583
611 892
974 898
183 296
579 648
726 812
569 176
424 572
148 711
521 150
259 761
612 199
696 392
932 450
690 576
519 351
720 229
799 937
473 694
575 320
764 715
671 597
233 56
52 92
691 342
575 323
835 127
136 753
122 880
903 986
498 699
966 591
74 393
686 642
620 159
261 175
588 688
769 901
287 792
100 52
70 232
316 121
221 669
301 436
603 909
396 346
879 779
449 737
931 349
686 490
746 853
720 622
827 672
818 806
530 523
272 527
705 626
172 469
607 222
598 315
447 905
715 773
561 609
312 386
93 31
720 697
3 764
785 726
96 631
261 353
587 509
765 388
446 701
871 719
520 799
424 866
887 720
996 494
563 628
82 232
797 737
285 395
366 740
461 801
172 507
357 574
303 318
749 921
738 291
103 527
541 532
686 766
135 750
835 11
897 713
730 80
430 143
41 325
222 587
304 218
178 952
395 223
402 867
917 49
929 21
159 377
170 601
230 913
332 431
35 342
665 946
187 677
796 564
423 668
457 396
318 350
790 633
126 817
159 118
993 848
736 642
628 920
723 835
747 226
17 142
752 516
301 237
683 172
572 285
459 170
505 667
899 776
885 155
263 665
667 981
709 539
362 772
665 162
187 684
617 666
2 720
239 129
130 69
165 735
729 942
474 684
707 124
563 532
442 498
461 865
130 195
670 557
739 328
291 961
48 866
516 159
932 808
604 361
932 622
653 125
695 858
320 790
114 532
578 575
105 913
426 694
328 540
870 994
359 274
181 19
604 40
584 997
482 579
634 472
335 124
495 703
667 86
776 827
540 853
676 620
646 637
442 660
224 628
627 951
635 525
964 810
723 914
953 55
600 181
174 474
686 347
958 572
824 806
423 201
707 709
837 864
974 466
226 126
560 367
695 495
146 478
124 427
851 500
667 801
738 145
915 27
414 631
800 693
474 485
160 499
812 175
689 246
508 683
349 482
954 602
95 759
824 264
56 778
222 331
538 240
125 748
262 822
443 517
744 480
213 880
776 996
75 639
628 298
44 965
296 171
571 887
648 938
969 761
436 99
98 641
874 391
788 810
330 9
449 848
530 840
774 906
698 162
291 241
18 17
339 579
975 340
534 740
692 557
498 379
685 658
257 292
311 610
43 855
484 567
707 836
818 106
71 816
91 487
138 17
591 190
124 267
677 451
497 204
633 507
486 906
39 235
159 119
702 318
550 766
119 683
135 893
12 537
999 910
654 304
234 36
95 990
547 62
87 866
886 171
257 648
834 243
125 794
314 134
753 623
298 931
464 826
327 423
701 874
63 536
248 593
680 236
86 668
508 99
736 646
970 94
178 425
168 130
852 578
956 341
245 887
930 460
330 296
440 382
551 944
829 865
572 534
983 799
265 516
492 756
916 123
769 855
623 561
390 251
743 937
106 640
534 253
59 123
698 361
661 263
935 559
204 142
79 811
645 440
954 691
758 382
225 173
894 500
67 845
47 73
771 145
360 924
633 98
383 260
380 801
988 916
953 748
416 282
941 956
76 363
886 188
494 124
320 144
959 7
276 864
184 24
267 143
930 203
928 812
980 637
683 460
127 83
777 402
894 482
897 333
49 900
426 388
753 868
672 296
838 462
349 830
947 166
868 568
659 707
424 742
397 32
691 670
707 239
563 318
297 122
751 330
608 160
224 806
866 743
514 913
40 900
362 836
558 365
665 806
936 583
142 973
735 953
953 739
484 500
220 651
637 141
508 134
269 897
653 655
885 988
797 799
632 733
958 69
221 98
431 942
341 515
812 764
68 326
137 735
277 311
502 117
142 601
804 847
627 677
558 609
150 429
875 853
924 982
759 350
378 104
121 428
374 948
143 520
859 945
334 613
964 962
502 609
489 119
274 919
367 215
557 203
346 967
304 809
998 825
144 330
339 188
156 939
87 108
788 236
757 78
445 827
307 827
929 794
201 206
275 595
565 995
952 606
220 333
849 157
763 684
669 69
539 706
91 17
979 401
173 604
751 259
449 571
383 956
73 301
122 296
186 88
449 549
769 744
496 196
9 998
855 266
858 52
455 845
251 185
967 413
632 949
246 737
519 386
307 931
164 69
465 145
308 512
454 417
302 741
451 896
821 857
589 15
459 210
873 706
216 854
743 310
744 450
997 671
202 468
37 651
516 46
929 639
156 152
330 828
601 512
327 469
697 288
179 7
60 924
927 765
157 654
319 7
496 456
817 727
319 445
991 209
14 645
694 836
999 484
647 480
56 341
234 414
312 48
107 302
129 917
837 193
438 651
74 845
382 250
893 830
113 977
342 815
39 949
20 789
624 527
954 443
926 969
600 935
942 109
898 505
638 649
5 155
120 707
117 170
124 428
581 400
413 300
774 754
778 331
704 61
868 15
390 112
958 407
331 926
552 11
155 610
223 141
941 663
503 792
852 884
344 99
293 248
918 2
906 631
930 2
157 497
318 127
537 803
966 452
833 405
34 693
52 767
240 404
120 464
446 367
323 133
205 450
785 27
273 207
544 513
445 310
215 804
371 154
781 408
889 51
966 552
679 905
327 899
285 843
971 27
138 20
358 83
591 902
614 164
433 62
346 204
109 340
163 684
279 974
567 980
299 704
972 181
972 217
385 202
610 669
856 724
950 995
80 425
265 978
919 520
3 805
397 468
416 904
723 827
437 93
867 25
320 792
241 150
316 603
606 24
539 47
533 646
431 856
390 907
25 243
801 659
683 126
829 382
873 172
790 701
609 324
772 437
467 102
848 295
212 97
218 378
597 323
309 918
272 222
940 478
962 363
838 713
220 471
525 44
700 310
61 616
912 216
719 131
850 878
117 582
295 25
160 370
762 920
453 512
950 107
246 220
240 409
556 101
882 170
474 252
268 970
958 566
918 755
888 263
864 957
373 301
194 69
565 566
15 543
232 39
860 857
887 963
279 750
807 492
490 564
72 936
335 435
852 251
870 762
67 917
729 407
3 496
528 442
101 673
896 654
498 400
423 758
197 437
987 497
785 673
96 185
907 382
200 869
387 396
484 160
804 962
169 918
475 141
910 364
596 919
890 721
679 575
218 644
330 760
512 403
336 257
799 125
255 633
771 621
247 717
285 867
782 80
100 521
201 126
440 935
805 180
399 963
596 639
850 64
587 999
42 850
351 56
396 916
943 142
148 278
365 418
45 910
911 917
350 97
762 119
905 854
406 725
733 944
516 205
251 751
355 175
181 945
106 529
514 425
393 311
223 836
744 702
759 997
801 156
627 708
681 533
365 815
905 892
678 893
91 676
952 155
304 346
853 693
342 722
286 746
319 522
688 156
260 686
672 427
664 657
687 998
746 244
17 109
115 983
552 37
885 762
741 889
900 782
894 753
334 988
563 842
853 49
411 290
318 30
779 102
434 824
46 417
50 240
161 723
23 656
613 797
727 376
751 708
588 861
932 802
950 198
798 500
793 874
332 152
705 505
85 872
113 789
188 764
516 316
264 359
819 21
475 160
4 341
578 682
123 61
787 426
459 202
986 750
205 384
207 901
545 636
209 638
3 420
966 528
444 997
130 819
241 234
172 562
489 115
665 86
327 729
272 848
263 484
980 506
110 912
336 58
339 978
60 492
689 498
494 43
542 151
756 732
454 545
470 784
400 439
945 428
754 533
453 302
745 434
991 757
336 108
787 517
617 880
730 846
434 418
353 905
31 589
402 998
766 511
347 221
703 196
37 367
505 702
319 656
26 790
576 683
575 321
604 361
169 658
158 776
505 304
467 597
234 900
591 102
868 185
145 61
881 648
833 60
640 46
314 746
791 13
219 424
486 348
455 27
399 883
908 238
665 760
49 283
779 727
384 965
165 690
411 245
707 828
515 824
507 723
515 425
197 826
987 24
186 888
672 286
437 865
65 740
967 326
221 744
455 283
464 378
326 613
348 921
543 263
652 205
973 256
676 257
608 146
28 727
839 81
676 159
449 885
1 758
471 518
540 999
320 732
20 976
568 137
618 36
475 659
523 672
444 929
387 52
890 16
363 449
393 987
197 817
446 510
799 847
956 277
883 852
661 494
327 891
642 679
88 74
675 749
969 77
610 978
626 464
593 282
644 249
436 202
72 544
369 886
959 445
636 702
540 700
655 900
718 678
367 636
586 39
761 280
237 720
691 447
726 473
160 322
914 925
347 475
2 857
13 298
814 122
913 197
501 442
244 362
420 263
570 637
660 472
235 281
889 485
117 845
556 818
547 636
506 119
179 400
877 863
294 237
56 419
256 790
288 603
599 6
726 328
944 772
226 361
900 292
49 704
634 870
398 31
711 918
359 389
888 711
150 543
120 372
792 596
892 621
635 370
844 570
568 559
405 463
39 197
177 276
674 316
975 240
594 765
719 434
294 81
222 459
458 324
655 219
659 962
195 14
360 436
791 907
237 974
852 1
241 816
180 926
368 999
80 878
987 479
863 548
58 40
976 32
763 762
784 581
868 247
71 494
381 51
813 452
569 634
490 262
539 142
563 814
654 827
97 964
540 202
691 961
512 606
667 714
351 630
966 935
440 783
453 663
389 646
433 458
697 679
364 859
297 957
362 583
848 838
477 886
243 169
376 325
403 847
387 134
560 404
294 117
594 968
33 455
491 654
704 681
433 865
524 402
23 326
603 694
203 842
554 808
586 184
961 876
928 735
260 310
852 750
698 530
271 229
503 1
693 746
764 644
628 828
582 913
578 303
924 39
779 900
210 847
799 44
706 609
418 258
434 776
669 642
544 547
347 930
98 633
870 723
963 840
295 563
952 98
92 395
648 629
347 160
625 46
77 553
536 601
982 67
320 351
281 892
188 612
552 370
127 339
937 935
976 673
813 340
4 795
890 543
524 453
376 594
285 721
792 841
949 687
215 176
131 695
179 367
456 520
461 835
378 108
924 433
192 690
658 938
271 319
416 518
458 587
101 694
240 716
587 522
856 937
458 75
959 924
342 151
450 828
748 31
287 726
530 510
573 336
644 448
565 571
50 292
896 698
103 528
47 451
100 960
514 72
531 610
392 778
472 49
77 140
113 987
98 823
535 929
14 863
252 35
601 713
396 366
561 639
249 700
254 50
326 22
753 395
365 975
786 22
620 720
797 227
73 411
782 250
751 831
996 466
729 976
729 999
51 119
250 542
736 21
561 261
797 192
648 708
356 767
720 450
13 880
935 382
576 788
952 227
526 331
508 358
501 769
103 463
433 772
102 594
975 385
828 993
981 218
603 688
78 511
407 556
113 302
534 305
617 936
884 606
32 145
563 879
172 291
896 135
27 72
753 912
507 346
978 457
210 418
582 850
244 177
227 727
803 525
966 351
89 27
718 768
512 22
613 600
795 498
728 802
702 240
79 668
647 318
64 929
0 329
462 775
100 650
791 287
95 554
860 541
795 995
289 819
556 325
276 358
653 578
130 660
604 287
525 793
752 359
450 949
547 509
942 283
466 661
153 72
337 136
875 870
475 43
786 893
848 891
318 573
87 63
755 450
194 185
262 588
681 98
563 545
911 969
635 290
33 840
59 15
693 916
519 623
703 87
869 633
422 331
526 16
773 92
392 6
685 987
174 664
471 323
137 770
432 442
303 783
142 878
706 982
535 521
108 804
192 2
486 131
699 905
600 348
746 7
834 190
79 864
305 442
558 814
646 330
74 843
40 998
452 642
370 147
755 227
639 753
693 913
393 815
651 306
833 509
122 371
976 157
566 564
556 982
505 367
423 535
761 137
481 621
632 930
462 313
581 743
987 641
823 177
961 617
762 601
203 286
970 379
228 839
564 436
842 960
397 426
24 852
233 806
311 462
757 752
483 308
313 792
316 801
549 756
507 317
588 627
973 572
342 716
332 712
663 812
376 387
269 74
212 77
7 97
621 926
376 618
326 688
323 410
38 580
305 351
851 592
461 707
280 554
177 75
90 940
25 774
128 828
557 637
200 950
37 844
335 24
525 50
416 970
975 170
110 32
351 102
637 757
442 173
538 5
776 362
82 103
40 417
640 358
50 877
617 435
248 259
601 585
870 581
104 708
289 748
823 534
892 973
348 808
5 102
998 393
774 574
178 726
159 646
899 502
40 920
264 673
116 602
360 181
938 263
641 756
805 307
509 141
955 136
733 453
91 497
296 738
999 3
500 780
313 75
622 896
330 360
372 666
358 918
303 375
683 780
350 477
616 819
981 855
153 91
165 200
889 803
820 107
185 405
957 765
468 460
195 704
205 506
519 348
784 195
530 156
501 136
212 435
4 552
714 801
146 545
757 29
161 919
871 689
541 375
817 61
467 867
136 113
196 290
815 546
503 403
189 928
901 350
55 338
774 607
936 102
281 272
596 473
184 266
180 615
154 55
900 560
650 807
97 343
756 884
102 104
640 204
517 446
351 916
682 750
554 620
163 467
643 482
548 631
59 574
984 954
754 912
521 386
709 729
736 976
137 284
8 75
453 474
101 203
974 372
258 227
197 585
472 836
739 717
778 891
332 82
933 510
73 853
646 728
607 439
667 902
526 670
379 5
332 16
713 866
607 996
868 646
25 781
738 564
669 307
426 641
113 687
193 790
300 603
437 701
630 821
869 430
335 70
249 244
663 874
254 169
629 846
737 882
11 505
797 784
455 761
520 333
732 164
856 784
334 167
130 252
957 341
219 475
689 928
855 98
100 997
855 626
989 927
880 163
448 347
630 4
490 315
648 483
843 386
428 437
444 19
251 523
832 766
79 962
583 31
425 309
349 796
264 745
650 228
324 421
546 791
816 588
53 701
29 728
472 967
275 116
370 108
682 653
627 177
783 735
78 105
931 376
8 300
333 139
49 943
720 892
295 288
663 251
801 195
180 166
921 854
552 815
771 750
716 807
906 788
751 901
162 536
936 144
104 368
27 772
861 693
769 380
945 970
255 549
461 177
737 819
449 740
151 723
179 445
621 771
665 187
793 41
462 993
38 703
608 277
941 632
75 34
427 698
830 938
877 312
850 155
575 202
915 620
253 171
352 309
409 943
940 889
891 567
815 417
583 738
846 237
455 426
134 441
1 9
89 75
708 966
967 525
980 127
861 35
69 468
307 946
420 942
887 458
80 930
88 842
279 950
757 991
118 239
683 704
609 996
909 441
136 683
894 738
922 678
482 940
603 66
234 583
697 36
566 747
941 575
509 65
660 566
449 940
589 546
141 434
701 289
440 305
750 181
707 40
462 244
862 723
899 184
377 706
589 365
158 703
492 514
196 26
40 638
397 866
408 913
953 930
714 652
156 638
241 517
787 129
948 947
524 501
714 83
435 373
380 381
105 482
27 574
294 736
25 666
31 605
211 45
243 574
83 655
439 605
45 906
250 690
759 561
522 389
267 719
653 318
961 864
340 1
605 920
274 985
41 358
498 488
939 757
846 920
326 783
292 921
542 926
787 143
797 633
971 335
123 343
658 319
778 971
675 623
359 428
121 176
12 183
58 87
379 59
470 917
301 537
231 798
585 46
146 260
848 799
419 760
740 24
103 837
401 913
979 49
164 685
746 592
176 240
419 847
407 220
161 769
725 80
483 409
345 846
148 357
605 143
646 52
620 334
55 556
195 501
222 690
304 664
935 151
327 276
345 667
564 715
424 736
514 608
766 46
434 249
749 350
895 558
312 630
414 676
79 608
908 381
665 783
375 312
516 391
510 785
616 783
324 85
129 934
600 133
851 631
696 756
400 683
396 94
37 218
815 359
827 173
591 237
97 450
254 299
374 789
137 834
444 600
710 278
192 847
650 339
174 98
680 795
938 880
910 669
553 572
633 194
910 759
209 983
136 802
176 490
720 197
67 276
241 113
883 954
848 359
429 687
235 411
261 313
934 856
242 702
232 121
842 139
100 394
166 360
963 273
529 348
575 291
138 801
419 287
497 36
70 849
653 995
630 285
763 379
113 617
60 869
758 525
158 980
698 313
690 845
279 763
645 531
95 571
816 671
670 725
322 57
453 939
782 37
283 132
583 300
342 949
279 382
159 627
639 433
764 506
857 553
446 852
65 828
811 257
770 528
462 0
925 508
658 928
476 848
902 885
548 529
690 562
385 733
223 735
187 215
445 751
398 888
646 329
96 651
311 73
284 946
463 755
27 98
616 659
114 752
43 803
782 790
536 978
100 966
163 53
237 466
465 517
391 166
970 390
551 499
57 703
809 168
790 282
810 679
52 25
445 345
46 699
418 455
973 946
757 470
125 922
818 982
77 649
614 463
637 93
720 697
762 430
255 118
589 338
365 766
602 230
593 655
523 496
402 567
204 238
831 832
898 674
860 374
213 317
15 88
285 548
233 984
512 620
816 905
673 798
728 916
413 358
489 263
774 838
692 395
826 794
8 680
166 296
649 871
284 62
920 851
188 351
149 197
71 915
729 51
502 370
904 989
937 813
427 723
756 234
524 758
459 202
58 882
550 656
749 156
71 96
323 982
616 457
585 692
346 281
789 522
385 203
392 28
443 471
921 233
679 471
436 589
666 394
10 674
252 887
602 386
777 343
949 244
484 198
575 912
462 224
330 361
84 141
836 918
590 536
456 132
292 794
490 84
523 509
484 556
845 328
22 301
63 742
210 977
828 787
173 703
630 749
850 348
532 874
529 767
320 628
836 888
423 254
641 158
715 681
500 61
606 743
348 329
652 347
982 305
411 75
135 58
335 140
738 343
654 745
257 362
226 519
712 738
37 343
494 721
94 744
917 992
41 817
32 561
453 681
172 785
95 635
967 976
668 177
366 814
588 899
674 652
698 284
482 100
496 674
28 190
63 648
756 537
268 497
63 74
70 427
866 923
155 94
907 739
866 240
737 758
788 118
528 297
500 329
188 596
157 602
183 372
315 715
517 500
873 324
756 343
122 495
90 269
195 664
678 8
405 788
456 225
400 37
821 4
579 712
723 597
465 772
643 797
149 790
364 349
94 677
331 133
549 815
736 354
827 54
181 290
704 323
360 229
342 813
23 826
732 942
459 618
262 251
12 901
850 589
196 904
13 937
913 424
76 648
994 278
591 627
130 214
279 592
650 29
488 185
849 942
26 943
287 546
18 419
487 434
293 988
123 914
428 394
17 795
418 86
170 149
179 300
163 888
447 54
109 557
612 150
264 110
194 559
388 918
375 729
31 286
147 407
395 493
141 487
647 459
948 765
85 443
659 332
540 59
700 2
860 169
141 455
942 539
615 866
758 179
43 344
641 374
63 242
224 399
222 834
47 28
286 73
671 828
115 912
423 364
817 753
42 589
718 281
249 852
198 92
225 638
232 61
463 421
926 41
64 291
282 783
6 170
571 398
324 189
7 522
354 967
538 269
916 182
477 870
437 347
274 753
297 201
28 347
359 552
923 320
934 869
533 874
407 240
608 800
351 465
875 273
240 695
253 619
54 7
349 165
356 109
856 509
777 122
193 182
613 195
619 178
453 721
698 400
150 378
520 666
158 708
355 134
710 625
371 623
667 74
271 580
430 852
123 102
52 781
203 83
273 722
965 106
748 167
996 151
302 448
922 299
698 75
607 110
993 74
109 785
776 967
698 904
601 49
497 740
923 363
941 271
527 90
867 80
408 351
275 119
726 403
850 515
791 87
648 390
370 446
937 42
674 850
426 444
603 595
745 311
380 358
241 4
768 330
73 285
83 710
376 817
134 814
192 617
144 12
612 865
761 386
166 139
59 974
274 173
287 7
929 586
793 212
546 798
562 140
859 939
72 24
80 49
828 172
670 483
223 420
167 164
17 803
290 911
880 871
222 102
106 81
787 43
776 144
181 194
135 141
429 287
835 992
726 20
610 482
609 491
474 580
166 818
120 173
128 12
782 553
731 795
560 460
52 884
868 342
93 707
531 808
443 237
392 956
694 229
812 51
589 534
548 609
300 271
72 362
211 796
160 112
900 881
964 276
824 657
185 658
238 405
123 585
353 937
964 887
101 688
311 380
822 231
761 405
493 295
829 81
592 284
778 544
685 651
996 38
187 248
835 223
541 213
179 349
611 998
193 741
294 729
415 912
568 788
989 701
654 471
28 924
956 88
992 973
363 957
369 294
929 388
702 923
733 726
791 160
205 474
245 306
974 373
912 68
807 223
324 526
643 962
745 879
985 724
534 875
121 731
722 543
277 136
886 433
714 404
394 365
954 351
723 482
408 287
229 436
655 949
579 330
654 172
112 431
684 931
849 926
292 26
89 222
501 825
216 933
665 443
465 121
24 409
943 226
920 475
403 355
683 202
900 463
581 585
316 176
361 154
99 850
79 861
643 934
172 82
823 571
454 856
456 247
121 118
309 868
179 278
622 957
505 98
717 415
212 246
106 741
916 437
674 667
631 240
211 812
829 561
382 951
555 582
386 980
747 704
281 453
108 323
705 599
627 264
721 728
742 70
213 402
792 832
361 517
775 735
574 67
998 856
420 21
382 625
900 595
480 988
927 801
544 494
625 397
95 561
68 300
903 334
859 412
123 518
260 420
875 887
376 153
612 682
153 547
997 977
969 669
910 700
180 162
571 17
154 751
377 506
953 700
808 5
895 296
141 183
373 872
819 460
103 971
985 117
399 349
151 590
674 102
466 923
706 966
111 271
747 824
68 888
281 576
130 994
710 418
743 790
266 977
264 751
355 584
235 682
348 960
978 71
473 895
523 208
224 881
53 604
899 302
862 609
282 840
239 500
870 447
145 750
552 314
208 573
880 244
677 803
322 961
370 647
58 548
623 47
280 550
345 895
415 53
850 912
807 407
868 240
810 617
638 689
380 864
121 385
443 459
765 158
550 331
220 412
370 921
488 108
399 170
112 674
746 665
77 643
436 857
563 465
271 429
404 229
824 887
406 552
96 185
173 974
900 851
683 159
677 81
523 819
562 896
485 466
185 974
27 101
940 219
186 612
976 103
21 453
185 521
716 118
226 434
17 535
472 140
307 887
478 666
483 121
699 45
924 578
111 735
728 402
813 304
997 981
514 475
758 349
140 461
550 486
797 753
191 157
223 682
648 230
817 574
558 985
328 980
17 303
441 322
15 943
330 125
326 272
944 365
123 210
307 332
840 589
126 252
305 237
275 914
751 25
771 419
606 47
379 329
249 333
130 41
781 606
383 861
491 392
975 441
263 182
860 380
174 367
793 957
812 841
673 999
187 107
48 899
232 287
930 593
951 232
655 186
310 837
848 316
879 585
979 795
800 135
9 985
876 735
329 722
900 599
878 190
352 937
411 803
423 301
663 431
39 179
68 999
190 103
369 815
223 833
391 127
448 487
480 293
911 162
267 405
693 666
644 706
987 815
809 63
729 917
104 343
414 475
27 429
609 872
86 233
509 402
375 584
484 132
619 639
178 83
146 659
634 342
593 847
119 104
733 547
240 108
711 678
254 35
355 856
282 980
314 695
487 545
336 212
535 433
328 656
618 984
771 880
473 879
271 682
584 161
44 611
577 708
802 679
333 984
854 84
358 919
523 476
529 585
694 405
215 75
738 6
834 555
705 984
540 66
908 430
450 382
153 219
568 267
444 863
407 478
417 125
417 702
485 332
309 447
452 568
710 116
116 37
118 280
905 423
167 465
786 848
946 434
377 47
985 52
64 249
86 864
695 895
223 755
442 796
89 927
438 537
769 361
948 695
866 340
662 545
512 138
239 419
123 610
223 282
271 355
36 346
144 75
348 350
851 692
511 727
568 164
281 260
572 639
165 443
986 643
485 433
401 960
558 900
729 882
216 466
31 380
323 157
185 819
861 182
699 516
912 298
583 451
57 669
754 633
90 762
939 585
954 93
296 719
650 373
409 261
120 545
509 540
216 534
563 595
102 306
865 591
321 824
24 127
433 32
337 627
481 562
528 769
512 871
326 163
81 901
982 456
50 989
477 741
913 906
804 104
466 616
993 49
702 438
713 742
262 145
83 505
149 935
974 328
219 117
802 880
670 973
884 703
226 40
763 733
641 756
783 998
46 410
801 423
907 551
733 74
595 892
653 719
754 156
791 385
696 833
623 779
548 788
983 189
133 271
538 919
388 16
352 800
677 557
283 899
277 455
73 183
741 349
834 754
404 637
81 473
955 456
976 695
889 747
668 135
391 814
247 47
662 267
324 635
84 981
669 267
430 827
80 971
871 663
976 261
959 823
904 796
311 391
650 247
848 896
14 929
907 521
54 129
259 553
710 883
295 710
769 722
875 254
278 760
654 423
793 931
143 685
598 798
648 312
753 881
309 878
113 974
38 820
411 418
471 653
506 715
872 828
707 12
105 428
831 98
214 450
970 824
571 729
578 595
528 920
912 772
234 425
891 211
723 905
964 190
563 788
80 534
875 289
205 450
954 832
470 225
426 599
373 286
542 900
796 404
866 525
481 408
463 515
963 190
826 581
533 508
247 705
270 875
391 221
441 243
467 588
392 638
660 4
809 21
761 619
650 670
156 74
382 135
482 938
108 469
940 595
616 861
78 836
768 427
428 964
253 513
244 383
604 415
628 404
232 625
785 259
870 662
641 796
565 260
494 626
383 521
295 879
985 669
772 577
499 755
445 210
868 206
784 69
53 184
998 20
472 750
497 895
149 527
636 879
872 515
199 72
619 137
309 493
940 280
436 821
242 783
712 691
137 544
812 59
976 982
142 552
419 568
238 539
938 238
883 358
733 888
938 895
338 550
420 96
317 242
930 139
915 202
719 26
98 729
547 684
712 957
368 268
727 995
43 476
970 470
264 383
631 487
242 435
689 63
110 349
264 231
42 319
551 352
880 196
450 719
225 605
82 280
752 356
815 611
260 172
209 276
41 180
466 148
195 857
139 406
768 784
58 588
161 461
861 959
533 293
430 237
467 288
274 556
281 291
143 805
742 538
170 524
208 978
219 836
794 627
118 351
750 253
166 411
227 314
535 672
811 713
432 142
76 835
164 548
953 654
628 555
356 975
618 57
738 404
332 913
411 383
67 255
492 903
944 601
771 633
426 953
886 276
550 48
337 985
795 293
234 481
840 554
314 616
333 47
227 840
403 728
664 945
393 953
550 379
860 643
237 966
130 406
538 265
802 46
501 655
828 882
369 711
481 447
989 58
14 179
15 360
459 125
696 419
282 594
855 141
774 979
502 926
138 914
459 677
762 627
364 359
554 448
755 302
802 812
841 385
794 25
898 169
616 44
492 515
419 414
901 417
154 246
505 884
694 714
877 164
857 605
91 631
290 650
914 304
599 678
16 119
533 548
831 143
734 514
970 292
407 504
323 331
53 337
490 636
516 82
395 890
900 799
773 155
520 13
843 258
748 74
233 690
834 504
228 341
617 377
166 123
195 525
932 846
314 22
822 66
30 12
83 658
885 205
535 893
175 284
434 144
69 50
677 765
550 970
779 337
694 822
362 627
619 704
94 647
836 59
72 19
73 239
368 561
130 930
780 867
77 476
843 293
622 100
562 748
781 358
930 29
887 830
853 576
778 245
139 186
482 202
781 706
936 221
13 771
677 76
168 880
931 632
937 383
852 746
148 740
234 23
171 942
138 883
520 886
997 394
832 907
381 1
800 955
448 602
831 668
396 622
960 417
424 981
114 400
290 530
133 64
322 898
155 287
58 194
1 705
616 592
577 750
74 906
478 954
701 51
898 424
826 204
975 952
750 111
768 973
868 518
468 724
25 826
463 750
363 896
188 350
551 134
26 126
573 51
130 468
643 972
27 258
291 714
754 507
537 289
377 969
846 44
746 796
786 164
185 37
777 687
139 96
205 85
615 768
83 510
480 492
485 376
332 983
707 676
964 782
215 287
471 938
884 543
861 973
10 435
222 505
489 213
45 596
38 396
724 456
111 361
317 863
567 203
2 811
487 150
601 123
930 166
504 690
194 506
297 394
276 12
450 734
77 485
347 724
840 348
301 969
885 39
596 527
391 690
568 322
306 764
510 784
694 914
270 262
725 779
728 463
229 34
840 807
515 738
459 238
413 492
997 513
697 139
169 10
103 185
732 287
615 162
678 712
193 878
742 426
480 485
809 657
185 522
342 674
358 690
993 510
97 438
994 122
423 59
17 539
859 11
337 192
20 157
742 224
461 575
516 929
982 539
13 186
524 560
103 449
882 703
392 238
578 430
278 785
748 298
232 719
529 781
82 423
636 663
561 562
230 584
740 529
541 387
618 81
97 727
710 81
819 695
268 724
114 321
855 898
490 84
376 105
731 162
965 104
668 509
707 636
258 6
994 100
401 136
556 527
69 67
889 438
349 77
434 875
301 427
407 192
415 421
951 845
109 631
692 657
486 787
673 809
331 820
777 951
468 806
174 394
419 81
786 51
733 324
453 72
480 383
3 889
142 752
657 759
701 439
420 532
760 853
47 998
301 807
247 214
171 681
284 493
640 421
622 453
29 514
833 821
95 641
847 319
763 699
689 779
237 567
466 143
324 632
591 230
573 666
726 676
875 421
339 188
928 962
321 704
755 370
979 920
166 966
127 887
394 113
371 646
969 482
504 611
680 622
871 269
319 290
356 694
383 686
854 43
87 4
983 512
738 464
303 996
360 754
799 444
375 558
468 500
655 997
931 959
711 564
555 535
615 346
811 360
987 464
833 463
816 129
284 657
854 856
871 262
178 112
875 188
519 110
647 375
761 467
415 870
141 287
670 553
24 367
680 934
787 151
849 315
712 418
588 190
611 718
33 113
384 581
703 897
5 821
401 765
371 145
903 539
863 81
300 934
87 685
984 236
795 559
953 252
706 285
467 700
910 454
929 417
901 332
286 584
269 263
285 969
554 691
529 107
183 152
714 354
32 927
573 709
535 748
6 124
515 718
284 703
521 748
866 706
662 826
710 373
242 976
967 399
2 852
728 410
875 998
451 953
502 417
916 630
260 10
779 929
231 72
653 43
818 868
992 113
102 354
249 251
235 517
372 604
79 288
383 188
214 817
380 968
806 840
1 155
717 269
237 902
809 48
193 420
332 194
480 857
426 873
476 56
457 240
615 18
972 44
4 444
692 131
120 770
771 584
495 696
238 113
535 256
222 802
811 573
211 186
357 422
926 538
572 918
9 390
109 848
366 460
921 263
313 554
435 508
698 516
916 601
915 986
85 842
690 592
936 59
675 560
148 340
790 362
459 706
288 219
217 727
921 11
115 833
153 16
178 264
639 905
347 49
264 269
212 976
520 569
84 866
737 624
512 312
485 92
206 167
17 819
543 757
272 550
414 278
616 539
832 468
182 490
519 13
921 36
815 542
661 439
859 678
735 934
45 581
392 805
417 67
352 395
140 725
80 48
374 49
547 358
681 523
26 755
853 25
11 764
458 681
877 574
401 626
251 462
376 407
82 609
496 192
497 317
332 995
300 390
831 312
93 700
578 338
656 930
98 713
120 898
338 388
43 3
970 747
959 268
124 627
72 283
646 427
912 550
233 883
561 259
77 701
370 275
911 19
339 664
744 496
838 472
971 179
588 298
402 221
329 613
509 420
814 807
225 864
809 395
649 458
59 76
172 77
990 886
947 580
96 980
764 643
432 547
295 370
124 422
741 612
557 403
8 870
752 642
716 738
817 246
368 771
206 380
472 131
165 281
730 993
235 464
50 598
370 400
965 182
390 51
815 948
637 27
233 677
81 544
338 71
3 141
17 867
149 672
828 621
899 127
816 420
855 976
822 909
761 169
694 938
335 94
635 744
86 985
987 902
165 20
57 817
938 554
896 460
44 643
638 229
53 54
98 43
513 313
868 131
687 916
744 258
507 331
207 37
149 850
658 732
658 787
571 205
828 930
794 212
201 458
984 408
325 985
820 353
373 910
976 926
170 483
519 643
581 957
565 375
133 24
730 467
626 160
525 287
341 874
482 319
974 833
687 610
41 484
849 99
350 620
381 648
964 124
589 992
258 193
946 450
458 833
633 176
34 96
587 674
895 773
772 527
536 219
800 143
572 691
157 755
802 935
225 22
803 929
193 517
886 202
354 577
720 815
816 30
285 110
337 843
487 734
621 346
42 380
61 306
138 322
484 183
962 354
206 140
194 264
500 54
452 725
17 409
171 832
301 553
8 15
491 623
210 843
552 211
81 665
43 320
136 557
859 219
653 537
250 821
237 467
364 896
9 317
723 662
159 190
267 253
663 70
637 135
883 134
242 902
1 486
606 421
784 400
78 801
421 969
887 598
649 208
373 542
464 951
860 612
337 287
815 111
93 544
787 858
102 5
662 568
149 494
393 693
768 111
728 335
134 278
778 427
984 994
897 564
807 334
168 255
940 805
252 154
791 560
256 498
567 171
273 348
714 797
346 939
787 518
189 936
494 659
711 768
128 445
103 631
991 183
715 994
667 838
70 946
753 243
362 157
234 820
350 606
884 985
900 476
748 865
586 209
975 845
90 817
148 316
776 810
671 102
176 50
748 565
746 348
566 444
979 957
524 555
249 59
830 243
90 612
930 372
938 612
229 103
791 49
896 693
938 977
825 342
581 467
843 149
707 411
923 528
33 958
111 646
287 861
269 586
162 751
718 980
281 359
749 206
674 549
920 931
273 392
882 947
876 65
242 196
110 27
715 627
550 190
945 768
651 594
829 351
22 241
733 971
508 309
971 189
647 313
48 10
576 548
613 538
443 399
206 181
558 952
668 64
887 199
269 773
482 614
937 985
908 141
476 318
118 467
363 137
145 801
61 990
731 72
352 127
540 683
484 683
280 31
32 548
872 302
927 641
207 483
110 849
134 32
941 849
692 756
472 645
110 928
441 987
463 608
220 221
996 639
543 244
118 939
339 770
117 831
139 640
454 535
760 630
57 742
638 65
329 396
903 662
80 436
162 197
151 105
560 368
239 264
3 427
759 56
107 646
954 374
149 854
644 565
162 106
993 467
50 496
106 575
84 823
437 159
715 328
183 317
310 230
753 465
356 156
933 914
945 445
187 830
234 495
380 138
185 457
122 923
614 771
738 762
2 997
759 917
8 544
908 595
179 792
286 368
238 203
44 550
36 203
763 348
397 175
410 248
233 720
999 721
676 95
373 792
46 972
35 364
806 521
937 244
474 116
241 383
413 708
536 359
542 899
376 540
425 850
739 133
597 346
982 778
433 150
704 893
571 167
877 206
959 495
403 462
424 278
712 651
886 739
86 338
796 458
461 706
172 188
659 437
618 916
682 410
554 886
518 653
743 434
753 521
497 590
45 380
105 377
342 8
556 348
313 473
426 451
293 154
658 905
285 874
828 730
334 108
906 833
907 405
227 474
763 847
838 434
660 674
912 210
534 857
819 555
542 746
659 331
77 583
637 117
197 258
214 71
720 894
85 29
156 368
926 747
783 540
348 999
251 940
938 949
606 275
655 180
616 352
348 533
482 342
402 476
864 128
45 760
178 994
863 748
229 451
202 592
560 38
902 81
558 39
835 780
408 130
548 715
468 704
744 830
166 619
694 211
241 113
220 40
177 733
860 732
880 456
148 365
420 79
776 765
106 854
750 262
9 562
358 524
93 948
884 18
54 746
140 300
564 935
496 147
385 707
897 408
596 413
351 560
973 196
735 413
738 909
584 389
957 943
730 195
279 802
668 372
710 846
808 908
134 928
925 695
591 983
976 291
274 197
401 938
793 273
565 998
450 625
77 213
616 956
930 924
39 126
420 400
938 485
694 543
362 432
55 269
124 647
487 51
744 629
835 642
330 554
448 956
823 149
160 235
422 583
396 348
88 50
215 235
301 65
618 290
37 681
585 780
79 365
145 155
954 215
484 561
853 722
363 140
509 109
142 99
43 666
3 997
199 92
505 137
221 230
296 415
738 9
896 605
195 838
98 406
594 17
302 558
391 190
514 184
503 366
619 248
107 145
635 908
431 871
512 5
173 314
581 772
821 235
327 31
316 29
422 730
983 159
358 58
522 106
313 974
65 850
346 702
945 410
297 613
588 280
206 467
928 487
932 611
555 20
627 188
981 40
185 770
426 515
95 868
291 514
620 928
759 351
304 35
443 959
999 229
667 90
768 736
195 259
0 729
175 926
912 800
348 777
200 922
329 643
446 934
909 234
191 36
566 977
369 760
715 597
307 166
471 657
281 872
595 784
631 859
446 871
682 216
963 365
230 238
488 234
855 268
582 709
791 4
298 434
824 99
727 696
359 757
109 233
438 334
90 946
901 315
379 634
756 647
152 72
110 818
345 869
461 771
585 648
455 806
477 416
482 280
145 708
793 687
416 22
115 719
109 183
756 375
219 388
618 162
141 269
158 554
403 182
661 558
593 151
715 452
894 910
347 970
894 973
140 854
372 917
731 598
656 313
289 666
233 896
218 605
687 842
490 994
511 739
827 250
676 334
143 348
670 617
830 366
186 126
589 528
334 905
75 896
871 5
241 935
65 898
694 787
18 993
148 222
731 80
458 411
644 624
335 632
179 403
216 831
841 636
702 335
89 511
191 312
694 119
743 132
656 334
451 72
458 79
161 786
739 247
439 836
606 610
919 158
841 234
324 418
199 403
613 657
66 681
